94 94
14 6
16 72
20 0
21 -67
23 69
37 -63
54 -100
63 59
78 28
79 78
87 -57
92 -22
93 -42
109 30
113 0
157 -99
159 0
179 -83
185 -6
190 99
195 73
206 79
214 0
246 85
252 -79
272 0
287 100
319 45
330 -50
332 -78
338 100
339 0
340 0
346 66
348 0
352 83
362 -84
368 0
381 58
386 0
391 -14
403 0
435 -30
444 0
454 32
455 83
480 -74
487 5
497 -32
500 0
504 -17
515 0
522 99
537 0
541 0
548 -1
599 18
602 -54
623 43
624 0
645 5
658 -77
673 -17
681 -80
688 31
695 -58
703 85
705 20
709 59
734 -85
741 -6
757 -89
766 66
773 0
806 0
817 -54
821 86
837 64
844 0
875 98
877 -92
878 -57
892 0
921 0
950 -92
964 89
974 68
975 92
983 -47
985 0
988 87
992 0
995 -33
999
