99 64
9 77
21 0
42 3
77 12
82 0
87 20
89 -93
94 -98
96 -26
104 98
138 100
141 -54
142 0
195 -8
200 22
202 -10
218 98
226 0
258 33
260 66
265 -23
270 7
277 -30
296 57
305 62
312 67
317 70
324 -93
327 -12
339 0
342 -18
346 -17
363 83
376 0
377 -55
380 0
390 61
399 98
402 -68
412 21
430 0
437 43
442 -69
452 67
461 0
471 24
476 -38
508 -76
515 0
553 0
558 -84
569 38
581 73
598 0
612 33
617 -13
630 59
641 -46
653 -68
672 0
696 -37
700 0
708 -86
711 53
719 -57
736 56
743 97
757 3
765 50
768 -3
771 64
797 -23
831 64
832 0
835 0
838 -59
844 64
845 -23
860 -16
862 0
875 -63
876 94
887 0
892 0
894 -65
896 84
907 -10
920 -44
923 0
924 0
925 -32
938 50
942 0
961 17
972 0
973 0
981 -100
984 -50
995
