91 5
10 68
24 87
52 -98
69 -19
75 63
87 94
97 -29
118 0
119 4
123 78
150 -5
153 -64
159 -39
187 0
201 -20
223 -13
265 -48
269 4
273 -53
288 -44
292 0
299 -81
300 1
305 72
324 -75
328 3
348 0
366 98
373 7
376 67
393 -50
395 85
396 49
405 91
432 -74
441 0
445 -18
448 0
452 1
466 -33
475 0
480 0
486 -17
488 29
495 -18
498 42
499 0
513 0
525 0
554 -42
593 -81
598 -46
600 35
616 -68
617 65
625 -64
632 0
642 0
643 -54
646 0
647 -78
656 49
660 0
663 81
667 -68
687 35
688 0
708 93
715 -27
719 100
721 -79
740 0
748 43
752 25
777 0
778 -10
779 -3
793 -33
795 -82
805 -80
817 47
818 42
833 0
837 -68
854 75
867 93
901 78
917 33
973 -18
986 4
995
