94 50
13 53
57 37
75 -25
77 0
84 0
85 -38
92 75
99 0
102 -10
120 0
125 69
135 -17
139 -69
140 14
148 88
154 91
160 -95
175 -70
200 41
210 -54
211 40
217 48
243 -74
254 -41
256 63
259 -35
260 0
265 48
271 0
272 0
283 88
291 -72
299 -43
303 0
319 -63
334 41
353 -12
367 -56
370 -97
376 0
378 -96
394 0
410 -14
422 -31
433 62
449 54
450 0
507 0
509 57
511 -30
515 37
517 -99
523 60
550 -34
559 50
564 -81
573 0
574 -55
576 0
585 84
598 0
600 0
608 -61
622 17
626 57
628 -66
635 45
669 -73
675 0
698 -72
711 33
722 -24
724 -67
731 19
737 57
747 78
750 0
763 0
771 1
772 1
785 68
839 -26
845 -72
848 4
863 65
865 -94
874 95
886 0
895 0
925 -62
941 87
945 -11
978 71
993
