500
0 392
0 493
0 299
2 121
1 81
5 453
3 454
6 194
0 77
3 109
0 43
1 175
12 244
2 91
13 377
15 54
13 277
15 178
8 327
4 388
9 474
5 18
6 483
6 314
24 295
11 270
2 263
8 170
12 230
9 206
13 365
24 176
14 292
15 350
12 141
27 250
26 459
6 228
38 498
5 469
6 20
4 319
42 11
39 256
29 108
44 254
10 59
21 288
40 339
12 279
47 219
1 259
8 16
51 211
43 52
19 160
23 105
24 313
12 83
4 125
6 349
35 113
20 6
23 220
49 86
0 300
51 38
8 131
51 272
8 444
22 166
51 137
42 274
24 316
45 159
51 111
1 186
33 293
35 2
61 378
75 167
64 318
25 162
35 63
47 236
73 478
8 324
79 247
43 169
1 485
84 497
37 431
5 369
1 143
14 456
76 440
31 255
52 58
95 486
42 66
36 330
94 180
7 150
2 138
62 198
24 394
104 182
106 421
102 71
68 443
53 44
57 139
15 291
12 200
21 89
2 112
18 335
65 203
47 315
45 414
40 99
101 362
101 124
93 467
117 500
94 310
92 482
107 476
89 262
28 233
46 449
7 265
69 145
9 328
35 308
30 321
116 253
85 84
27 74
125 419
96 332
113 384
60 55
58 130
28 129
107 183
41 463
113 70
52 289
41 149
121 410
10 201
48 232
22 479
146 460
41 117
94 258
157 297
106 189
10 251
32 448
104 494
148 442
163 225
119 213
97 7
109 195
85 427
1 27
143 116
56 397
148 363
124 78
149 351
2 380
154 286
21 370
25 224
62 136
114 436
178 441
7 202
42 212
19 399
130 223
174 302
166 222
183 464
79 21
123 120
141 305
156 468
133 45
65 383
18 181
180 146
126 163
82 49
57 174
89 35
131 345
137 151
73 188
202 50
127 106
162 156
201 404
91 400
167 133
99 64
4 487
90 172
127 110
202 79
26 168
169 435
140 379
183 366
176 4
76 329
145 364
103 260
135 267
9 46
190 0
220 491
191 96
172 358
166 191
92 426
132 331
78 376
101 204
75 423
234 214
147 65
235 82
106 304
200 147
198 5
96 23
86 118
195 217
71 273
166 231
79 418
95 367
177 104
86 447
50 239
179 271
21 184
240 234
193 67
245 422
195 33
89 269
19 347
11 285
36 336
141 458
174 216
112 360
38 177
72 41
259 437
222 102
2 342
233 396
128 197
111 373
239 434
141 207
109 325
87 438
50 95
245 412
57 73
1 32
146 235
183 15
26 76
178 97
138 424
38 210
34 466
275 243
44 69
183 252
84 352
164 242
220 489
35 413
88 457
228 425
268 391
259 26
160 393
258 142
291 75
35 323
195 205
275 103
140 473
244 445
280 334
267 68
136 187
5 36
238 387
177 401
141 135
34 415
307 185
216 348
21 282
108 402
298 134
103 13
111 39
95 60
121 382
29 355
281 107
180 227
18 34
168 281
198 266
215 123
263 192
273 290
94 47
65 98
161 148
154 407
252 28
143 374
95 312
274 10
112 298
35 275
82 19
326 30
16 481
67 455
267 157
265 429
283 238
282 14
327 465
250 173
202 237
262 495
73 155
5 477
289 368
111 326
180 320
195 209
340 140
215 264
166 403
345 372
35 165
192 226
165 389
114 411
74 248
34 340
111 381
171 80
173 126
17 9
124 42
342 317
304 492
87 61
171 356
291 303
352 128
154 261
145 229
293 337
69 357
184 268
64 101
374 57
379 420
193 100
60 114
166 153
174 51
155 241
174 158
125 17
391 25
291 322
174 371
178 280
325 311
64 62
56 40
78 408
280 196
79 193
376 343
323 72
378 246
205 395
397 85
83 94
201 338
316 278
407 390
296 409
322 471
317 245
37 119
322 353
153 452
9 461
421 341
61 484
164 450
230 31
217 417
18 333
418 240
379 294
97 361
6 215
133 12
28 144
215 90
287 1
285 24
88 432
285 249
397 164
232 190
397 93
116 430
17 3
364 115
200 301
324 375
88 446
178 307
335 132
331 405
112 29
129 152
371 462
74 284
53 218
259 406
3 433
350 88
286 416
159 296
222 154
124 257
412 8
94 283
335 287
39 496
346 439
143 309
452 488
196 161
412 22
370 475
196 48
298 344
257 385
378 398
361 386
80 354
259 276
472 171
370 56
388 306
470 470
92 221
25 179
194 451
166 53
386 127
265 87
475 499
293 346
108 428
65 490
470 37
136 359
175 208
149 199
156 122
135 92
467 472
