1000
0 650
0 287
1 993
1 444
3 517
3 516
3 206
5 780
6 421
8 640
3 848
7 250
0 81
12 319
8 129
15 355
12 393
11 192
14 243
18 997
12 895
4 397
14 844
17 325
13 865
21 809
21 7
19 164
22 367
21 924
23 76
17 108
19 752
6 985
19 371
14 257
17 994
27 260
22 455
3 172
23 779
2 82
17 920
14 534
37 975
39 530
8 299
36 193
3 261
33 836
5 351
22 706
32 447
1 600
15 559
1 442
34 125
4 908
46 430
32 829
0 463
44 270
14 471
46 716
44 831
57 644
57 823
8 635
35 33
52 368
40 234
49 714
11 828
69 667
65 815
37 333
21 861
32 676
13 207
60 70
68 681
79 420
3 412
68 996
54 150
4 711
27 276
84 724
60 926
72 91
39 741
66 589
67 20
79 329
82 970
54 523
53 599
57 857
89 151
27 990
1 980
57 811
53 96
41 653
22 133
37 34
56 419
90 306
61 637
37 505
17 629
24 208
8 869
8 131
17 819
35 838
86 11
91 268
30 680
107 736
59 788
94 659
88 707
83 533
27 62
109 69
70 617
123 760
39 982
120 481
92 847
111 929
75 837
39 461
90 948
5 262
53 986
7 258
133 365
103 814
48 149
19 969
117 632
26 648
132 60
89 340
89 389
56 610
6 360
113 469
143 933
104 71
45 305
16 210
129 117
36 906
106 47
124 272
60 631
104 494
36 943
145 725
16 942
16 87
97 224
90 507
115 719
73 511
104 344
106 612
16 347
63 448
2 663
138 141
11 313
123 642
59 376
52 395
131 634
173 322
158 373
114 362
78 477
174 378
169 433
85 710
152 849
123 36
80 275
61 689
141 622
90 221
151 872
161 291
191 341
59 925
92 248
188 672
167 52
199 349
126 483
84 312
55 183
94 571
182 909
179 120
104 387
62 168
82 694
146 928
54 37
186 923
160 751
203 705
187 514
100 810
5 166
144 568
62 251
206 992
29 145
211 191
26 472
101 488
53 731
168 683
202 633
81 435
75 441
30 613
176 5
27 670
103 97
119 263
193 342
226 512
136 989
52 547
206 930
69 854
164 595
98 163
132 967
196 181
180 364
73 570
84 916
44 309
202 713
135 882
241 348
148 470
60 778
54 479
121 155
140 800
45 931
250 90
6 746
67 195
156 314
117 98
70 871
80 209
198 476
153 673
118 55
17 377
13 604
46 817
155 332
3 759
113 245
131 594
85 666
238 818
251 961
145 873
158 510
121 647
36 379
70 690
92 283
201 233
77 552
245 136
128 416
146 639
8 228
39 40
77 902
226 745
231 898
151 303
159 398
233 402
77 953
49 445
281 855
287 954
91 30
259 932
131 179
62 616
124 404
205 858
261 564
259 77
249 48
272 867
68 901
235 845
306 95
14 675
289 584
64 440
220 574
3 521
123 93
158 794
41 182
184 383
33 884
67 100
35 939
223 130
308 434
134 947
292 697
213 946
291 526
262 128
31 331
200 978
16 424
266 601
67 408
304 437
239 259
26 17
185 143
294 72
160 249
56 165
62 951
79 569
156 684
73 561
93 21
266 787
148 328
239 485
300 983
0 99
53 688
214 51
94 767
263 431
35 949
47 875
171 791
251 789
144 812
70 311
13 415
357 174
328 756
215 915
71 382
140 427
239 959
351 900
124 715
356 893
92 343
12 991
256 459
97 522
312 630
145 66
266 955
175 308
322 677
112 247
305 529
214 588
235 200
100 113
166 839
324 973
54 115
302 525
10 830
357 567
374 696
265 361
27 105
387 202
201 63
56 185
303 190
55 137
339 774
36 217
50 198
233 474
307 358
186 436
168 856
198 180
131 144
100 320
154 212
345 41
81 323
224 318
267 554
9 253
276 598
104 866
13 776
194 297
142 698
234 80
165 27
263 369
9 968
55 298
361 797
110 987
126 769
80 39
426 718
393 396
296 905
389 934
131 65
222 998
82 734
184 602
204 176
65 197
177 962
140 886
242 235
2 392
0 23
373 359
277 204
165 755
297 352
39 701
145 733
372 460
101 520
82 498
419 14
349 863
152 24
416 56
135 636
41 284
328 750
26 965
464 692
403 842
275 88
270 995
163 232
443 662
262 802
236 748
445 337
251 702
284 473
227 6
125 685
208 649
422 502
315 429
256 148
258 310
5 735
410 484
119 565
158 580
484 391
154 134
287 796
350 966
24 742
82 177
416 549
473 820
119 850
19 593
324 709
170 784
208 438
108 528
486 356
427 747
408 587
45 135
353 302
176 785
307 86
288 543
256 825
455 638
371 853
446 214
438 167
452 121
178 922
14 2
126 551
417 426
307 139
511 317
279 487
521 186
177 241
314 566
353 960
309 562
253 138
99 496
122 154
452 491
437 25
20 950
351 289
113 499
405 339
380 723
402 123
404 740
87 140
99 111
186 255
214 548
27 147
87 999
145 110
500 222
260 660
200 687
330 127
310 175
477 363
454 218
220 334
170 720
361 614
516 691
545 859
67 504
296 324
215 370
518 385
150 390
379 187
464 335
15 13
384 904
514 1
492 603
422 981
226 9
430 161
32 466
30 772
193 118
246 107
149 833
469 578
556 576
105 911
102 50
429 178
209 503
389 896
81 240
342 803
68 75
0 963
27 671
490 782
497 425
408 890
280 454
303 679
181 277
451 609
173 834
158 170
50 879
476 615
413 964
385 28
563 492
595 64
10 726
277 513
22 242
457 401
382 10
356 8
355 403
31 124
372 26
237 618
223 977
222 795
599 620
253 453
438 621
227 85
223 54
530 394
172 84
457 669
259 46
575 917
493 605
501 542
58 770
149 722
391 239
32 910
375 220
512 119
561 68
125 626
42 786
238 771
275 326
142 288
430 184
591 804
371 205
86 126
432 535
202 941
459 486
69 827
369 266
389 489
272 327
179 457
113 835
75 388
412 194
370 651
181 173
290 449
178 31
205 446
424 783
144 531
369 380
296 730
97 538
145 142
29 106
596 664
57 372
130 590
223 641
575 921
512 336
99 350
388 695
271 808
292 497
85 628
239 581
31 708
100 213
211 238
99 892
670 668
406 976
210 89
574 452
592 254
611 738
423 700
635 102
590 518
520 686
323 777
29 443
483 971
246 74
456 501
562 229
69 104
42 775
584 940
626 935
641 544
81 957
622 354
158 792
434 739
140 103
573 536
200 411
202 826
704 658
27 18
260 458
549 43
53 762
126 450
14 400
6 979
370 226
625 936
441 29
260 822
516 806
347 596
260 22
392 223
557 353
342 880
309 919
58 267
89 764
194 846
724 555
702 625
449 913
447 386
709 59
530 793
546 307
540 801
520 293
86 280
504 109
610 49
659 264
179 35
188 292
159 500
323 732
130 754
541 579
313 591
44 384
132 805
592 840
636 582
631 153
257 294
299 550
517 655
385 627
418 798
163 132
50 269
160 199
411 807
135 406
195 914
392 918
75 338
694 94
733 171
454 196
297 157
709 887
125 357
321 956
711 645
465 832
9 290
443 417
164 45
624 79
675 952
606 515
38 586
205 490
593 891
102 540
144 346
65 439
88 728
507 988
554 611
254 83
338 413
419 763
73 984
401 903
12 841
599 281
251 743
552 246
234 58
501 152
1 661
545 188
544 273
66 557
385 560
376 428
152 156
341 693
124 870
724 285
621 399
584 414
68 189
707 643
209 495
48 407
89 678
581 375
42 607
203 585
208 3
28 296
149 682
95 423
323 271
321 937
547 699
261 480
186 938
488 467
831 92
592 703
135 482
496 912
19 545
328 945
330 821
581 781
95 451
516 860
801 279
415 301
90 883
592 219
219 211
531 122
667 972
496 608
649 974
769 765
738 278
678 652
165 881
713 38
631 493
270 231
709 321
158 432
787 203
827 0
204 897
84 729
32 162
780 816
607 73
693 907
796 295
359 541
383 556
754 215
370 227
141 878
391 244
35 657
191 623
605 282
18 465
342 761
612 592
569 843
337 532
225 16
583 169
478 527
406 300
229 114
215 146
238 15
129 274
715 894
740 851
770 656
851 316
644 852
783 537
384 236
728 366
731 737
65 712
739 539
628 889
800 57
34 422
193 824
60 410
771 654
582 877
529 230
908 374
69 744
5 573
813 563
205 225
801 256
521 572
581 646
847 315
209 944
500 101
82 112
588 717
86 42
846 704
261 252
870 749
626 597
227 304
687 927
858 899
326 158
112 478
826 558
682 475
860 456
451 468
459 577
463 885
750 766
84 19
594 159
789 665
107 405
861 506
752 519
323 116
593 862
191 958
801 813
199 888
667 583
76 876
64 721
240 12
341 753
133 553
236 864
257 160
730 606
344 524
371 53
73 874
746 799
575 381
186 418
119 4
157 773
46 462
966 790
944 674
813 758
948 619
665 508
96 624
776 32
532 330
771 464
361 868
652 727
805 216
606 768
362 265
293 1000
172 509
273 546
446 575
192 757
120 237
376 201
975 286
20 67
300 409
142 61
836 345
945 44
