5000
0 1748
0 817
0 4776
3 573
3 3356
5 205
6 87
4 4638
1 3211
2 213
4 3153
9 434
1 4752
11 2087
1 1025
10 2766
5 3361
1 4050
9 4935
8 2971
5 691
11 3699
4 2403
3 4636
16 2237
15 20
12 4295
17 4384
16 2587
14 4497
2 2357
21 3655
17 590
28 3152
2 1467
6 3045
33 2411
30 2966
21 4611
39 750
22 987
37 4513
41 4496
20 1246
19 3427
18 123
21 2826
19 3036
16 530
45 1798
10 2467
47 4368
6 1624
3 2680
31 2845
49 2346
23 81
43 4072
25 3515
16 120
55 664
48 311
40 1044
49 34
19 1726
55 264
36 2528
1 684
31 1669
41 6
17 2189
57 3410
20 4862
31 1382
0 4286
75 2905
75 3363
26 1608
43 2566
7 2581
21 4293
1 659
9 781
16 1424
11 4345
43 1894
54 1314
77 1400
44 646
13 320
45 1843
2 652
60 3824
50 4897
70 4085
41 1105
79 4188
13 3891
35 1003
56 1742
51 2945
75 3189
89 430
43 4899
16 4829
20 4585
8 1954
93 1969
35 4626
50 1920
97 1020
78 3040
88 4212
7 708
7 2313
12 3945
29 841
33 1506
106 4695
0 2164
93 3354
95 637
86 3956
107 1248
73 901
70 3031
52 1778
6 1401
75 1392
110 4109
30 771
29 2897
38 2935
51 2418
95 3051
119 395
61 3952
106 4604
16 2244
100 4547
140 3907
88 4242
1 138
132 916
3 1199
80 2177
37 174
107 2803
127 655
54 3939
121 2493
101 2802
46 3316
34 3681
58 2211
92 1943
102 4781
6 1194
82 1197
9 2227
73 3492
136 2433
54 3830
52 4225
142 1276
143 182
0 863
36 2749
97 4774
5 2781
36 1074
104 2431
34 3660
96 4518
143 4736
131 3545
6 2300
39 2503
50 4374
73 1674
48 4540
83 1203
170 4321
157 2438
153 3632
30 4075
56 1091
74 2334
82 1272
171 3679
111 181
169 141
95 33
20 2083
22 3313
90 1495
43 233
157 1668
150 3146
120 4665
197 1446
159 1870
141 4979
140 2456
159 2561
179 3752
191 313
104 3717
62 2292
103 4532
182 1865
53 2374
3 1818
176 437
207 3066
183 2695
158 846
210 250
98 2061
153 3551
0 2652
143 4107
177 2568
175 3419
59 3338
124 2756
31 3006
53 1863
207 2896
33 850
149 214
89 4257
73 3248
34 3109
102 4029
22 4539
77 85
102 4663
156 11
21 1214
43 1635
173 130
165 945
131 4332
154 3980
171 1781
185 2713
84 4716
155 2707
102 4427
142 1910
246 2827
207 4644
78 223
121 106
188 4700
46 4092
211 4991
75 335
177 2920
243 3441
89 984
20 2235
249 3787
14 3464
51 4488
252 2678
220 696
141 4690
78 222
147 2849
48 2031
44 981
54 2141
243 560
177 3204
118 1755
79 4263
50 338
263 2488
22 3376
203 4371
104 3043
258 4424
141 3465
83 2012
18 3674
28 899
118 2673
57 1304
254 3016
179 1396
145 4002
269 3645
205 4025
166 2755
142 3435
227 2188
265 2788
297 1896
186 1117
62 4108
133 726
129 2697
6 144
26 4018
35 1274
157 462
25 2567
206 4629
274 2319
295 699
90 204
116 3969
268 3195
31 3895
180 7
22 4129
174 2956
92 720
142 3413
130 2315
210 3227
242 3346
227 4305
237 3111
100 3594
321 4801
29 614
46 1587
324 3351
152 146
155 303
205 1581
38 993
314 2249
229 3497
242 3954
190 4131
16 4931
179 2306
171 1029
278 4512
168 1188
296 2873
15 3440
224 119
5 4870
307 2458
289 1999
57 3879
159 2937
57 4298
6 4213
138 1606
60 3883
40 1470
51 2927
73 421
157 1212
223 1571
311 2727
242 2367
234 662
76 3724
358 4773
4 42
345 302
217 3550
78 1428
135 1508
189 4410
36 4955
129 2852
147 2409
125 2855
302 3058
224 4056
175 2005
372 2643
70 3692
231 351
180 2027
73 4795
200 472
296 4649
81 381
130 4737
174 3607
255 3157
9 294
164 1907
84 1484
103 4426
353 2677
265 4749
265 1071
35 586
208 2192
110 563
329 37
369 677
119 1740
181 2919
349 3763
342 216
244 325
341 1760
315 400
212 269
110 2817
264 1220
294 3648
180 1616
29 2622
382 1874
262 4982
148 3531
251 3783
5 4317
105 4245
155 3863
234 3245
178 2808
416 1685
398 1744
193 2084
214 1332
335 461
367 3098
55 3208
414 1807
0 2161
279 2888
328 1703
226 3190
239 4610
203 157
285 3722
8 953
188 1768
282 2675
83 4992
240 3507
188 798
346 1677
55 1120
332 856
316 731
112 1982
14 4311
30 1733
340 818
95 2848
242 2821
219 3654
50 4715
370 3141
165 4868
50 510
430 2316
418 909
47 3635
295 805
206 2507
440 4031
196 1904
145 14
24 3232
211 3708
268 836
183 3247
19 4679
183 3838
113 2880
410 1453
403 243
96 2573
101 2634
262 3483
461 124
240 1354
400 3123
150 1539
257 375
247 1159
458 1826
466 1037
177 3901
47 4481
79 2202
133 2591
385 4145
145 3059
20 3540
478 3026
141 4265
156 949
222 1066
150 4487
214 1493
236 1680
193 648
322 692
261 3359
485 4848
258 384
482 4404
63 3595
247 4646
73 681
375 4196
393 2060
369 2736
21 3944
515 4465
353 1420
285 4817
356 4766
339 3628
276 1227
164 4110
126 2429
327 482
520 1861
123 1457
362 3805
184 920
374 3573
375 2059
497 3396
495 3959
285 4319
432 290
402 4084
104 239
99 2376
86 1810
412 116
428 2068
168 4724
88 2668
283 1601
537 423
296 2184
112 3282
545 4440
309 4916
153 1626
427 1682
205 1111
216 3120
396 2706
25 4180
44 1660
9 1721
364 2627
457 1460
232 3452
62 2893
298 3416
198 3270
136 1150
549 156
44 1077
35 3453
138 1747
74 1221
275 4660
359 2685
527 534
386 2700
26 1440
47 2883
507 4051
149 725
415 4444
139 2092
549 1425
138 1118
220 3009
331 922
532 4449
361 3564
109 2698
118 3490
559 4483
463 1666
495 3796
460 4999
423 3809
234 3634
405 4856
195 3434
86 1239
353 4493
572 378
78 4542
435 1708
471 1531
71 4543
223 3261
295 732
49 941
573 2994
415 4220
593 3798
103 680
451 3320
418 1438
379 1974
78 4171
20 1676
306 2588
524 1575
253 1518
144 3005
452 445
379 3889
121 1322
171 4342
470 1650
195 3943
531 1236
323 13
101 499
44 986
467 786
129 247
20 1771
209 3225
515 584
16 132
11 511
538 4771
517 3368
548 2452
34 1196
182 280
287 3576
167 2924
600 1641
64 4258
487 1568
40 2382
578 3815
440 1204
408 1525
570 3700
594 4878
441 3913
31 2904
329 1046
191 1728
356 2513
619 759
226 913
314 4379
364 326
601 4151
212 4967
6 56
471 1474
130 3154
219 2001
105 3684
222 4276
525 4844
341 2819
150 79
581 2308
266 2121
12 493
224 4240
44 3297
252 2953
665 2824
567 136
414 651
349 2840
653 3919
340 2858
665 2533
164 3104
233 1114
552 369
188 1384
432 2800
387 4986
180 40
565 3491
231 1342
541 1057
660 1691
486 328
35 956
264 1613
90 3923
525 2402
74 1135
137 3836
308 4889
457 2837
505 4854
457 2823
570 145
403 1045
635 1234
350 1417
248 1301
444 1738
630 2278
497 200
410 1042
74 633
287 4089
337 2216
234 2397
40 398
627 4656
25 3032
479 2396
705 4593
176 2475
131 4719
538 929
122 207
70 3328
369 762
319 417
564 2477
33 1245
300 2859
614 88
195 3572
290 3425
599 218
101 3619
374 109
312 1482
415 2778
444 4474
352 1292
481 425
63 4598
283 4055
680 3286
549 4052
20 23
743 1129
278 2672
704 3983
434 3788
495 1752
310 577
130 235
589 2577
405 4229
627 1018
314 1664
733 2124
429 891
702 4146
602 3989
545 4101
757 333
442 22
188 3993
618 4284
280 3018
562 2404
130 819
209 1089
289 1746
612 1725
408 1800
110 1939
614 166
219 877
15 2114
569 1052
592 4105
627 1583
540 2490
409 865
418 1538
260 487
32 623
458 948
164 4490
83 4969
42 1390
293 4066
263 561
71 693
547 2833
375 2933
667 386
728 3697
735 4961
750 1082
210 4647
488 596
92 971
23 1793
528 1235
196 4914
99 1350
610 2564
418 1645
66 3024
314 2174
648 2881
758 578
436 4523
397 2975
125 2769
394 1989
303 2548
675 4564
808 2846
450 3875
544 4661
695 2154
773 4453
628 3970
297 2158
412 2692
503 2037
172 4896
586 2941
526 4691
351 4416
374 1555
374 1240
789 3631
476 3028
805 911
773 2502
457 3791
815 964
324 3726
345 1284
269 3135
363 2282
712 1743
496 1288
376 1295
769 790
512 3799
281 3976
14 969
335 2866
422 902
669 829
853 4443
421 1658
465 52
321 3758
29 4138
318 440
842 1463
626 4281
323 615
343 4864
645 1447
334 1279
329 464
790 3508
120 3449
323 100
536 4111
667 4745
184 4100
492 3494
204 4328
207 1698
394 4602
290 2226
504 491
636 612
403 2816
78 880
464 3057
619 1856
333 2314
565 1449
170 824
171 4231
859 2795
401 2738
192 2185
807 4932
675 4910
524 3605
104 2460
644 2354
52 1871
111 4802
673 2574
158 3598
413 1596
282 2844
555 1895
47 4714
222 2368
694 4502
639 2138
182 1559
343 866
339 4620
462 3612
193 1344
121 3304
0 4042
542 700
657 2343
662 4869
268 3052
594 267
62 1149
625 2926
488 3106
74 999
607 3938
864 2676
190 4387
633 3113
334 3600
915 1015
296 1238
926 1360
33 2327
121 3170
606 4204
913 2974
540 1629
807 723
287 2633
344 1684
74 4057
249 2478
742 4617
675 1176
418 4078
153 2466
656 195
128 209
755 4581
101 1912
553 4765
760 2980
896 3100
561 3145
602 1687
308 3552
663 3686
187 2770
712 3035
537 4454
93 4747
288 2829
21 1983
744 1867
849 477
683 2082
98 3347
321 1365
949 932
623 4642
769 3850
0 3317
115 801
373 2309
297 3025
696 2239
126 4951
241 1732
456 2469
692 2117
293 847
288 3107
385 4157
679 3133
568 2610
283 2414
50 4207
866 756
488 238
707 436
765 374
842 4784
694 2283
515 284
760 4492
84 4034
72 480
797 1334
10 4841
307 3265
299 2860
830 1329
522 1937
716 1439
926 4761
241 1789
594 4635
463 67
560 1672
988 1888
660 19
422 2902
550 4419
994 4291
679 230
442 4713
827 419
955 988
208 2534
728 2062
37 2432
986 1152
687 309
359 4731
898 196
372 1885
792 592
407 4209
647 551
66 1543
740 4362
427 2253
898 4510
944 3642
201 2352
1027 1124
94 3101
279 4460
673 927
853 4799
706 1605
364 4478
256 3735
766 265
1022 2484
326 4987
143 3400
297 4147
685 2578
556 1835
88 4706
522 1137
876 1513
76 1692
517 3880
143 4711
113 1388
667 2146
562 3874
780 2703
757 823
350 147
370 2442
229 2423
127 4067
31 406
292 4087
930 3546
15 2258
807 1009
586 4119
738 1532
640 2340
669 2102
84 3371
495 4707
38 1711
320 38
410 3147
285 3742
92 1414
426 2421
482 3092
421 4135
408 1368
820 765
72 4336
976 1347
181 2792
270 1094
743 4226
489 4605
787 3794
804 4861
332 489
82 3160
660 3658
219 3268
922 41
511 1412
602 4570
32 3020
398 980
963 3405
733 4193
506 1257
826 883
493 2957
341 3777
753 1535
510 3979
607 3398
229 3517
859 3070
594 1100
104 4418
1028 2172
110 2098
465 789
1047 4360
636 2854
983 4469
560 3021
100 2230
289 4757
332 3629
188 2763
913 212
797 3890
1011 1415
624 556
514 3250
329 364
680 261
134 2272
1130 2242
581 3746
996 183
546 3252
1098 4152
28 4346
487 4280
846 4437
396 3920
770 3826
917 492
445 4519
40 4850
647 1147
573 2768
91 3138
795 3470
542 3698
90 1802
566 2637
100 3257
315 995
983 3668
472 4582
348 4023
1136 2874
694 3986
688 3797
995 1489
531 543
1159 304
264 3458
420 3244
313 4651
453 4819
379 4499
966 513
579 3570
580 2520
617 2044
505 2569
241 926
376 3688
311 2892
628 3539
853 2413
577 884
783 3762
1140 403
353 514
1014 4219
1014 606
146 3179
746 3800
703 4587
639 1309
1156 121
549 1963
498 1804
955 96
387 1647
198 548
478 3640
326 3047
1091 93
10 869
382 4061
903 1012
798 2714
762 1709
1172 1024
7 1716
698 1191
915 815
829 306
1013 1321
466 1166
873 4782
666 4244
382 2071
292 2196
775 498
862 2441
1095 1857
144 1761
1217 2422
1092 4049
237 1422
487 4337
1047 4669
693 3385
857 4338
787 3078
770 270
268 4812
256 1416
990 1504
885 2963
520 4888
192 3998
354 1500
177 4377
929 3728
806 4554
665 3373
179 2221
373 1198
316 4594
21 392
1240 3228
365 585
1123 3065
761 1290
602 973
951 4680
594 1421
910 1769
460 1639
377 919
94 4106
167 282
1254 3315
1078 2889
447 3029
487 1696
245 4921
513 90
229 1820
1018 2657
732 2322
702 711
800 184
245 4218
430 4228
1231 2448
212 2201
330 2635
1000 2405
1145 1812
396 580
1073 4300
248 39
596 3720
235 2923
689 1966
448 1595
312 4586
660 4350
326 3543
568 2718
591 3946
783 4264
751 151
962 3866
991 4195
1144 4098
1143 2119
135 3201
578 165
461 2955
261 2375
275 698
526 3197
332 4027
978 1933
512 2412
741 321
1244 4688
711 1573
881 2640
271 3044
600 1519
877 4004
715 2863
852 603
1108 4718
214 2500
148 4393
321 1222
1174 2653
338 2331
63 4313
1247 471
1007 2051
490 2525
711 1217
800 895
335 3468
1057 1313
1269 559
519 4287
667 3234
1311 2497
628 211
379 3118
783 4306
52 4860
475 3571
1007 1486
1318 4828
830 2445
1003 1880
1155 4806
728 3088
679 1957
72 2636
686 163
162 747
280 3203
13 1695
137 1727
735 4431
650 2711
649 2978
1325 1229
1118 2658
466 3000
164 4876
1219 274
218 4363
518 3851
301 878
526 1471
387 323
449 2742
268 1258
512 882
742 3972
738 4912
640 3329
238 4686
557 1775
851 1026
160 918
1036 3276
5 754
1349 4631
381 3512
365 2993
1136 970
1184 3486
938 1161
592 3858
314 2628
1186 1903
60 4373
1004 4234
912 4853
1319 3842
145 4958
390 858
966 4123
968 47
1381 3960
452 3713
420 3401
909 772
1233 4206
617 2427
861 134
583 4847
376 4498
304 26
131 49
643 3140
810 2787
86 4508
661 1062
1215 1883
1181 3951
289 4434
137 3121
563 797
303 2560
943 935
194 3499
803 1554
182 2720
639 1206
889 3430
750 1282
228 2690
349 1455
1168 2890
619 2506
1275 399
138 4441
377 244
213 1994
809 2701
767 1979
156 1523
446 1739
865 1303
1204 4
919 257
1198 3870
294 1833
771 3487
1057 3741
889 1592
570 2553
196 2036
1081 2049
389 908
701 2122
1319 444
1436 3816
356 2072
254 2619
321 961
1173 3182
96 540
817 1496
23 4421
650 140
736 126
310 4324
813 4865
326 2487
68 3932
419 1268
544 2715
1354 1673
1359 2457
1001 1059
346 4985
389 1898
1411 3651
1390 2872
58 2193
1000 2131
68 983
1421 3876
1159 2730
880 299
1423 3747
568 848
774 1900
1178 2485
989 4723
49 2809
240 3868
276 3691
59 2983
881 4762
638 1296
99 2178
840 3615
84 787
1471 1080
538 43
1113 3067
1439 2517
406 1219
579 4183
7 4650
1487 2288
740 4756
416 1648
564 3519
110 3611
373 4248
1025 1993
967 2814
1037 852
1176 2276
799 3862
718 650
751 2684
510 666
885 635
709 557
1049 177
534 4640
1254 3007
875 107
3 1550
182 2651
597 785
1099 3362
1412 861
271 1881
248 3243
1120 727
1092 36
1274 3703
891 1950
1348 3326
879 998
1282 1774
30 2274
655 4235
812 1609
56 735
1106 3835
553 994
468 3828
574 495
150 719
1434 1286
1316 1776
899 1585
160 4019
1270 4121
146 4407
654 3172
1300 3389
161 385
1044 3877
1436 1524
78 3785
493 2900
26 255
472 4788
1505 3457
969 1806
634 4030
474 2496
286 2043
707 4689
730 61
1023 4126
815 490
743 3604
177 4578
316 4667
640 3528
1024 2033
124 2865
1358 682
1463 4167
951 2
192 4887
8 4165
108 3834
809 2014
1406 3266
1567 1377
1394 4743
1410 1847
584 1502
643 167
393 4643
375 3084
1001 1653
656 2758
1435 4976
820 1265
978 4179
973 581
1512 3199
635 2473
1551 2664
406 2263
547 4994
968 4353
39 3773
493 1986
1549 2679
1568 3964
1385 4710
12 3130
1107 2132
730 379
303 1704
335 3119
898 2617
1162 619
1493 1801
688 1158
1097 2428
121 4668
489 2903
1017 3233
222 2647
760 837
973 4549
465 78
319 2267
104 155
1079 2370
1311 4744
659 4943
133 4390
1294 77
1295 65
865 3158
1526 4168
1359 2532
615 1548
1024 4016
983 4471
444 1886
460 3042
699 2392
348 3318
1034 161
569 3950
290 3702
512 3226
1392 1060
741 4895
261 1737
60 473
1491 3161
1216 2210
1057 1444
1398 1410
1009 373
454 4676
894 3727
973 15
747 3533
943 764
316 3341
586 4438
1247 3180
799 3428
249 844
263 2670
461 796
633 331
1646 4891
68 1551
685 4033
1304 4378
1607 4786
1485 4946
682 2547
544 4446
589 4522
1273 3807
820 1790
125 3500
308 3260
1300 3200
349 2471
1165 3408
1502 225
1020 2542
1521 3125
840 3892
470 4323
480 3077
1279 4277
1094 2995
730 3911
415 4274
111 3527
1575 2870
688 1949
848 706
1160 4000
895 4552
1590 4104
1048 2583
62 1431
1080 671
1112 3339
1363 3806
533 1363
1023 1145
777 3719
628 2916
206 84
1523 947
1132 2002
1083 2128
1300 3513
230 1940
842 4243
963 2543
1695 4455
932 3625
399 365
1167 2589
172 1978
1355 2075
1115 4732
0 2364
1372 2256
189 2686
972 1791
1596 4205
217 1348
814 3481
721 4174
1235 2759
1416 258
1708 2197
234 4053
1062 390
1423 1967
1658 4944
1227 1759
455 2750
845 3367
380 3407
71 1603
141 3019
1054 2991
27 4451
1468 2729
1614 3283
125 2514
603 1579
296 2451
1706 234
493 2302
560 330
919 4692
757 714
1101 2381
360 4385
1669 1702
1175 1507
671 3502
130 1323
694 2639
1314 3643
11 203
1097 3711
556 1515
89 654
100 1174
989 1968
1549 4555
348 3558
1388 979
866 2746
841 73
854 1186
284 1385
411 4299
1344 4900
324 2035
1719 3606
636 2509
631 1839
1129 1990
1516 4370
736 443
184 533
1487 4557
1131 4550
1068 800
730 4787
1136 3372
1054 636
1490 4021
249 1634
1154 1777
358 1255
1173 4012
1632 1485
239 3143
403 4772
723 1936
1136 4158
1295 4006
1089 2947
1493 3743
322 1516
468 2182
336 3162
782 1413
1055 934
1431 4808
1340 626
675 4779
1546 4573
1550 322
1331 3336
1067 627
1734 1636
122 4816
1689 2391
603 1442
229 4223
745 168
38 1049
367 1277
1019 449
1325 3417
662 1473
182 4924
1476 3549
1686 2797
880 739
1195 4520
785 463
1562 4065
457 1294
1439 28
1422 1858
685 4269
616 3303
68 1654
1498 186
1625 1855
906 3055
425 3064
1505 1202
849 2733
959 2073
38 3995
69 2764
271 4674
1486 4395
1431 1096
532 3194
1518 2518
1322 1509
1115 2305
1816 1394
610 8
651 2257
1367 103
796 1492
1630 2620
820 3641
1838 3301
559 198
480 4885
412 3910
1414 3751
1283 4947
1382 3023
1255 3423
1479 766
995 76
202 3837
1377 1048
1854 3825
386 1931
1297 4758
1475 410
744 3358
878 1437
945 1930
68 4192
1143 402
119 3610
1762 2447
1592 3081
1181 50
1857 4227
122 3584
893 875
1575 2156
1155 3206
1070 2435
1040 1359
623 4013
1055 1784
1776 2398
648 484
719 4272
981 3789
872 4420
299 3127
789 2023
97 4639
64 1429
779 1441
476 3175
59 3046
1657 4693
909 3217
854 1890
887 1170
765 4892
1236 3164
1580 804
355 370
1563 3022
1138 3403
344 266
197 4995
126 1181
74 188
1514 2067
769 2850
1909 4734
529 4517
415 352
714 2785
226 2529
492 2748
1256 813
433 4599
168 4938
1855 3609
1860 3476
191 2967
621 4008
799 4127
1160 3675
1730 4917
1213 1758
1929 2997
19 4429
1669 3520
279 2372
1782 4672
1494 4791
658 1795
521 2349
1862 4425
1078 3832
58 467
612 1223
320 1976
501 1864
634 2086
209 2523
127 3808
330 2106
1102 4115
1167 3221
1105 1192
357 2761
1661 2607
274 1517
1249 2137
1503 354
1015 48
425 1366
1618 1690
1077 2665
441 1816
908 1572
537 2038
1429 3334
1666 3590
1732 3357
1086 4099
246 631
487 2592
1218 2482
901 2747
1802 2572
1389 3701
1473 435
215 114
300 3213
1898 1476
1230 1106
204 515
1445 1599
590 532
585 2362
1243 3214
1512 3069
1363 3091
663 1512
367 287
1937 254
969 4568
978 3714
279 3622
1559 728
1287 2773
1591 1717
1035 4169
930 1310
1244 1838
276 1002
177 3115
654 3114
810 3220
923 363
1383 253
683 2245
1045 4308
587 3918
437 2287
1208 3262
1610 2052
1354 2383
1344 3566
1088 4515
1581 2377
845 2139
945 2195
990 356
1669 4527
1021 552
1681 4739
308 547
1501 4142
960 3472
667 3525
530 2631
727 3562
1913 1832
1893 4893
1978 4351
556 439
1036 2910
733 2011
2028 1298
921 1185
758 4708
1808 3254
695 4007
439 3122
406 864
1347 1619
1832 1615
856 2834
2004 2946
1479 4423
1567 1730
1149 57
874 4836
547 3296
1931 1278
803 268
980 3933
1481 3769
2036 1827
913 2599
745 1718
1189 2021
696 4076
727 2332
252 1665
1233 2312
1378 1126
1118 793
1105 1411
1031 3269
1613 1160
1093 3730
165 4662
627 758
1095 4733
441 1991
1351 3181
1827 2218
1902 2671
239 2029
1153 4514
627 80
1670 240
979 3482
301 1965
47 2708
390 779
584 3991
1918 3330
1476 1549
756 133
2029 2694
133 276
1118 1378
1902 2026
135 2390
676 2461
1037 656
1389 1101
1104 3136
1810 4975
1231 1590
393 827
833 3360
910 2895
859 4824
1397 2536
407 2285
36 1134
603 4600
1240 4681
777 3150
262 4607
2059 2550
1549 1917
1452 3589
1325 1924
290 583
1921 4428
226 1700
1636 4182
844 3563
1621 4249
244 3579
1529 2830
1426 4612
1716 3829
2078 2584
328 2179
834 1263
235 4307
1455 3505
747 833
1711 2489
796 3813
887 2624
1243 2238
1008 69
58 1529
2049 3137
1420 2159
1371 2133
1418 4775
1172 776
474 2144
318 658
1885 4200
1362 4292
521 4911
421 4482
1356 2494
173 528
852 4840
1697 4467
821 3224
1512 4401
1376 1735
177 763
211 1086
219 319
1470 297
230 2345
1923 4466
2031 4296
503 1693
319 4675
486 767
1329 2737
1655 1562
1772 616
1353 131
570 3438
278 1028
1728 1981
887 259
170 1001
43 2540
127 4044
681 3397
1029 4459
1910 452
1969 1815
1080 4262
1421 2740
1052 1845
101 2580
1016 3795
1199 362
1049 3827
1595 2951
1452 1408
646 3626
926 2241
1383 455
429 4833
484 1
714 2625
358 1351
280 3547
35 2608
1060 2867
4 2932
455 3852
529 376
1324 1336
1737 2166
701 2585
313 2032
50 154
779 2090
478 4047
97 1389
1152 4408
496 1475
1887 943
1831 4753
515 2646
1787 761
868 1109
198 2704
299 1299
922 3557
1956 95
1089 4309
1157 3685
907 1000
417 3833
1697 4310
1056 1171
1606 415
1744 2630
1121 3621
278 3990
1287 3459
2121 982
474 1459
1354 2535
1518 2042
1491 645
51 2143
1548 1526
616 3934
884 407
97 1208
1047 4417
234 404
2243 450
1812 3803
209 1541
799 3669
197 675
1041 3080
1367 931
1431 4176
571 3577
1856 1183
12 539
931 4996
2189 3897
1420 68
373 2317
132 4950
1225 173
1520 2064
2249 743
747 3117
887 4805
1182 236
1354 3240
2239 3935
913 298
1954 3896
492 4341
382 4189
2010 2603
824 2291
556 2389
1796 3902
2166 89
333 4267
2115 1593
553 1053
899 3729
461 4113
1393 315
1151 4627
1238 996
956 808
1696 1642
1630 4117
1783 2028
1447 459
2113 575
1371 3246
902 1972
1801 4409
2181 4322
1266 4796
82 1032
1513 1494
1771 792
893 1004
1666 2424
1323 1021
1862 3744
292 55
1713 4256
8 3205
1384 4366
1248 2013
2064 898
1580 220
531 1280
3 855
842 647
1996 4559
1901 690
715 1081
237 2745
1354 4811
714 1552
866 2710
1254 2297
2033 2400
738 2281
1198 1824
1673 3431
1469 75
399 1627
790 3273
2231 3627
1238 1017
1983 4383
2283 3267
1208 4139
2119 2100
2204 3355
515 549
1481 3393
1259 3915
1758 4566
914 885
2281 991
1119 2097
1939 1404
1120 1287
2013 1330
1845 1934
90 963
962 391
431 712
766 2095
800 3404
64 1876
1843 3553
2192 1125
2245 3388
1239 272
1298 2243
1863 3721
848 2492
1610 4320
2277 2911
1488 1093
1074 3966
122 3661
1558 678
1906 4302
2198 605
1340 2231
852 2262
497 3259
800 4634
1458 4597
1254 2371
138 4172
803 2135
988 3014
1344 1946
1028 1942
1431 1311
412 509
991 1456
424 3489
2017 2586
1933 1148
1494 3274
306 4380
189 1269
177 3881
2273 1050
1029 2180
989 1749
1799 2508
277 3420
1492 3475
695 740
1674 4628
1296 2175
2146 2474
894 3878
363 972
510 3535
351 3647
1226 4633
2124 705
1933 2979
2132 1155
1378 2065
379 2336
351 638
2088 3241
1861 4112
1692 736
1557 2681
275 4641
2161 4036
1000 1763
910 2384
1744 1610
2075 3131
50 715
376 1893
164 4883
1640 1757
1942 3854
877 1916
108 4137
2289 1151
2369 3732
479 4528
135 1367
1858 1973
2141 16
2084 3846
1124 2726
123 1167
1447 1792
1344 2039
60 412
2241 1291
1 3637
1211 520
33 1620
1063 1398
920 2744
1479 3761
2039 3176
1599 125
1184 3524
1585 1878
1855 4630
2161 2342
2050 3380
1038 210
466 4839
956 4658
1239 448
684 1849
486 962
983 292
1504 3603
2315 2950
696 629
280 3602
2129 541
991 604
1790 355
1841 4984
371 1423
1747 3671
2059 3953
1614 4866
224 3929
2390 618
1250 2386
1564 4990
1125 418
1201 3391
171 2988
521 3132
2426 966
703 734
2218 1829
247 3383
1581 1043
1825 3693
914 4741
2257 3725
717 217
823 1084
2279 2621
701 4588
2187 3340
909 4035
2236 4432
954 1577
853 921
936 1831
660 3884
1578 4400
1 4237
2025 2304
1569 334
1592 1644
278 803
653 3778
1919 4333
1839 2187
1518 1714
2452 4925
1521 221
3 2247
2056 1537
2247 2358
1249 1097
2361 4452
1921 4703
2103 2338
1483 1346
2339 4583
847 3012
2428 4894
1473 153
2239 3908
348 4880
1132 2719
691 1005
1557 4352
392 308
550 545
628 1671
920 108
1137 4422
886 4450
550 1825
1202 1955
1634 2203
270 1913
663 3370
449 4462
2418 802
1835 4461
1758 4372
1618 3142
742 4521
903 2462
2402 3087
2501 3448
1586 621
327 3134
1772 579
2467 679
2532 512
1539 1837
2097 2734
434 954
2183 53
739 1070
271 529
2116 570
100 3592
313 1275
1664 879
240 937
397 2977
2528 4233
1208 1971
2346 3324
2211 4331
1180 4412
1204 4043
993 4391
318 2835
1637 3433
1208 2776
1922 1175
1202 1715
1818 1316
1893 227
1329 3085
828 59
2350 2077
2015 4118
2214 3039
1962 4534
530 4411
535 1156
1944 4877
2329 178
2113 3774
1976 840
1344 2825
2548 1264
1956 1578
1944 3473
2167 959
2478 3670
2353 4553
647 4430
161 976
1763 1678
688 1919
1235 1477
523 1503
484 2702
375 4748
1208 1098
2178 4560
320 3771
1312 3532
1421 2828
1414 2209
233 4386
592 4606
526 1731
397 3331
2564 2022
342 2760
1797 86
1112 2505
1396 4297
542 3859
2169 1136
1678 286
1060 4005
2499 3922
136 2347
1359 2275
2347 2298
934 4501
1250 1908
408 3236
447 179
1444 3680
566 599
618 4073
218 1823
874 3903
435 639
2014 128
108 591
2490 2498
1782 102
2053 1756
714 4354
1102 1364
2349 753
2540 3223
2117 4759
1192 2325
1465 2724
1736 4754
1210 346
1765 2246
586 867
1222 3638
2610 816
848 3665
737 1178
2511 3411
1650 1699
1912 2233
2410 2410
1949 2252
424 1527
462 263
190 3716
1608 4128
2548 1902
1421 3779
368 1828
1267 4134
2386 1443
2539 2205
90 3772
985 4506
1665 1187
36 4133
2031 3687
232 152
1658 737
2343 3467
2525 1128
1926 3529
661 4548
2426 2918
851 1710
2570 110
1211 1006
2525 1454
716 3219
1125 1116
713 2162
2327 4978
1847 2465
844 531
2181 3639
603 775
669 2717
1226 4361
521 4730
1420 3927
1912 470
1836 1985
2491 1088
2469 160
686 3526
89 3191
904 3426
1396 4095
2600 2147
558 1072
1696 4684
853 4750
2239 4901
1683 2353
46 906
1912 2789
1382 4312
2314 2504
651 2140
1140 1780
2396 978
1937 955
2166 1547
965 2775
581 1772
1991 359
1634 159
2123 4760
809 1358
90 3242
2540 3471
2046 4239
2568 4436
185 139
333 709
702 2864
1106 2160
1466 4879
2017 2069
2257 2906
1277 1846
1711 1566
1290 3377
2285 613
173 1307
2624 3463
400 256
473 564
770 3766
1976 4177
2444 4093
1709 4584
237 2186
941 4529
727 832
263 554
622 1340
1588 2958
745 4068
2255 3186
1312 2107
1552 4173
274 4905
703 2973
1060 2261
2082 2057
607 1300
1934 1339
2743 642
1549 1193
1970 718
1465 3068
1573 862
800 3196
31 4659
2644 3767
435 2171
185 3831
597 4904
1444 3302
1877 4908
2690 2757
1654 1273
596 3521
484 3790
289 2527
1620 2359
875 1652
802 2876
122 3867
493 4873
2184 3937
2366 1882
663 4645
1079 1499
0 2136
1047 553
435 2655
1389 688
2282 1016
2296 3814
733 3977
162 1754
832 3379
2240 1591
282 4939
655 1210
1130 2198
448 2931
2675 21
1983 1964
2156 550
1067 4858
1024 357
2218 3931
1721 508
1547 4399
2284 668
331 4742
521 657
876 394
2385 820
1773 4010
2401 3710
2684 4705
196 4340
413 1491
2086 1935
31 1799
642 2148
2406 1977
72 44
2175 1745
1096 2623
1875 3963
1777 1544
2497 2998
2095 3480
676 4194
1594 2541
594 4614
2255 405
2205 300
2087 358
250 1164
1597 2213
835 826
1519 3961
2277 3498
1815 427
593 2150
1958 3349
212 2996
571 1099
812 2293
1312 738
1606 4224
931 1306
480 2501
533 874
200 2629
1773 587
684 1374
2757 466
1099 1373
2005 171
2205 2214
1797 1461
57 2078
885 2380
2865 3947
1617 2130
2518 4815
2568 2208
2609 611
1642 1779
1516 4045
1687 3062
1506 4670
21 673
891 3218
1285 3083
1863 4198
1729 1375
131 2330
701 853
727 2791
923 1834
1719 1911
502 2167
1432 3110
246 4545
1715 2311
883 4159
2407 1434
158 4327
2170 3967
269 4381
2667 526
1154 1723
1301 2074
533 4290
1474 2296
1022 1083
1090 835
2420 3365
2042 2099
62 760
1801 4086
571 1909
2275 1250
662 730
1824 4696
2118 2712
1723 1132
958 1478
1910 2025
1023 3402
2021 716
2094 3544
2916 383
1539 474
461 1514
2558 1520
738 757
341 3786
1634 1490
2814 2017
633 3847
107 4903
2596 1395
202 479
2531 4208
326 345
2119 2799
2571 4238
2561 2394
689 2006
1345 3978
142 939
161 1051
2314 610
2904 1119
1771 82
1451 2989
1866 1014
1354 1734
1073 2894
2559 1479
2881 2378
779 2942
1312 4217
1952 432
2041 1189
94 975
1470 3865
1791 4155
1890 1371
1267 632
592 3414
2176 569
599 4495
2341 4116
2314 1266
2774 2516
2147 2455
56 278
126 3755
2098 2080
579 4457
2033 3775
552 4942
2886 3343
2467 2207
566 2056
255 4764
2440 1405
359 1501
2157 710
1440 4070
2903 187
1124 1819
805 368
2081 1157
1660 752
386 4125
290 4722
1472 3151
1866 3116
732 3601
421 3764
2098 1143
485 2446
1257 4622
1357 3369
2234 3027
1818 4003
1979 3001
30 1764
1542 1988
1582 4153
280 2786
2328 428
202 2219
372 70
318 336
893 1604
2007 1068
1582 4038
2615 2836
993 3263
1644 791
2029 296
2428 1013
198 687
2689 3839
2746 1141
1386 873
2544 433
367 360
631 1558
1423 1249
766 4851
2261 3974
1816 3949
2765 3917
236 1661
2565 481
91 4797
1211 2554
1022 3659
1787 1996
1420 3541
366 774
2378 784
2896 1970
1071 1948
1330 1694
1195 1961
858 4149
294 1887
1255 29
2977 2841
70 4789
1035 4577
1519 2280
2182 1061
1221 4842
1418 4389
2416 4926
850 2512
2522 1560
2504 1260
1829 3149
2649 2722
235 1822
1225 4821
464 1853
142 1483
1637 349
1089 3258
50 3108
2127 3187
2988 672
3000 2379
2858 1597
1344 595
1431 1866
3060 1651
992 4201
2786 3323
1425 3462
1131 4933
2744 942
1405 3706
1158 246
1800 1563
1692 4907
2560 1261
2100 1027
1860 562
1208 486
830 704
1803 1469
652 4678
2504 485
1309 2602
634 4997
460 285
87 1190
1614 4621
2187 3985
252 4780
2709 669
1394 905
3081 3366
225 2832
454 2157
154 663
1898 1069
2056 1584
1771 2960
640 4473
2841 1617
978 3424
1984 3538
1337 4673
1561 3038
191 3510
2154 377
1268 860
594 1630
2417 3073
1976 4039
2404 1944
1192 1805
3064 2538
1033 3037
1916 2986
2227 4442
2351 4216
2955 3925
3113 2925
1947 1283
244 4831
2118 164
1104 289
2608 2091
298 4414
258 1207
225 3394
2076 3053
1626 215
19 2015
3056 2449
2978 749
2657 3737
198 1862
1055 588
1695 4915
3029 4486
2521 2898
2590 4968
997 3736
2748 2034
2506 4804
1491 4648
448 1022
585 3924
451 2120
2894 242
2224 231
3012 2018
779 4364
834 4017
2728 940
2323 142
2736 3672
995 277
2303 4619
25 2369
1808 4367
91 1095
1641 1113
3161 4785
170 1403
1195 2594
370 3333
1277 3782
1444 397
1483 717
173 912
2376 4096
1796 2524
837 2928
623 2348
865 4574
1019 4405
1030 2537
1781 3921
1692 4102
1808 3823
1604 3678
382 1172
345 4595
2615 1844
1600 496
709 1242
266 4074
193 694
83 2822
518 3382
1136 3928
2650 3560
2382 724
3086 279
1912 2642
3069 1821
960 3155
843 925
409 3784
1775 568
1267 429
2967 1103
1411 3432
242 2813
1213 3364
1759 4729
1615 4845
847 3633
3074 957
33 2324
2276 2271
520 2917
25 1387
2782 2878
1813 4618
1173 1557
539 1380
1519 4721
1387 3942
1146 1956
1149 1154
442 4727
1842 3292
2670 3284
3136 1243
2048 524
3010 2562
2335 2687
2195 3126
1237 2563
2681 2472
1511 2772
1627 2886
476 382
684 4369
1222 1285
2439 2522
2940 3159
890 2806
1911 722
1788 3893
110 2307
444 104
308 1293
1920 4435
389 643
1237 1209
594 3869
1840 1195
2039 312
87 2930
455 4210
2492 4956
3164 4615
64 2234
898 4616
1601 4751
2639 202
1970 594
3170 4175
450 1472
2593 2486
57 1794
1531 910
2322 2430
2275 2922
1972 2415
987 1576
2143 1343
1633 1349
1727 689
199 4063
639 1814
3108 1067
1459 3712
2959 4934
489 2794
2906 799
177 974
1643 4058
585 1047
1012 2289
3114 3063
1992 3342
69 1722
1647 1215
3043 476
1731 3856
1492 2420
669 1697
1412 3298
180 4270
426 46
1872 1341
1558 4537
1633 2463
3137 190
847 343
2766 3768
781 4026
1209 3930
1185 3156
2170 3306
273 601
2108 2450
2375 1092
2814 3760
2214 2551
2995 3099
1695 2000
2882 4698
2282 4162
195 468
1075 4953
3102 992
1362 506
445 4654
1311 2645
1341 9
2816 2510
2726 4704
567 2780
2977 4458
2084 4874
2795 914
1731 2660
2650 1675
2467 521
578 2985
3089 3443
28 1480
2178 831
1560 3192
1763 3322
2168 2539
2552 3506
2108 4288
1667 1773
522 3041
269 3999
1264 990
2050 842
49 780
2932 3696
1801 4282
2322 3096
1729 4859
2334 4977
2298 366
2675 3177
1065 2277
2994 2815
2731 4355
3150 2667
2001 4683
1694 2810
3013 97
196 4590
931 1765
207 729
587 3757
1426 2661
2645 2113
2674 228
2555 3608
2078 2590
2069 4203
2706 1659
2224 2961
2078 3390
456 3418
3003 3780
2063 2582
2581 1065
2097 1251
124 4746
2383 192
521 1589
2413 1628
2072 3415
306 572
2873 894
1547 3968
1708 1995
2796 4475
921 1657
1164 4971
2377 4699
1542 4246
1922 4857
786 4579
3081 2222
946 2479
1725 944
2059 232
573 3277
2173 968
2645 1393
1226 4344
496 1701
966 3887
3089 1932
64 900
3214 2851
1811 112
3125 624
64 3384
2391 4820
2253 2982
1320 2915
167 597
3314 3128
1224 1331
1016 1646
2026 2142
2309 4980
2272 1889
3166 2962
3302 2328
1272 3290
2799 438
2505 2901
1244 783
1078 3272
263 746
3132 4909
1034 977
3022 3614
2854 318
2061 1928
1270 1361
1211 3488
2123 3819
2258 697
2505 1530
2632 1915
2908 1945
2919 1938
641 2908
1619 1545
199 4974
1051 2008
3107 2129
2453 2688
2298 1788
877 2831
2674 1762
2252 3002
2356 1987
2624 3198
1197 4184
2296 4059
2469 295
1048 3988
977 3872
456 1897
2800 1381
36 4015
772 770
392 2666
83 3811
2318 4823
16 4326
3320 2115
445 3093
2936 4094
2306 2796
293 2290
1103 2476
2024 1433
2968 4576
1994 199
874 4572
1423 778
828 1201
1192 4563
2030 1817
2867 4091
3197 3848
2795 1226
2751 1785
1257 1177
1806 938
3233 4524
2727 1586
1902 3352
2380 3
521 4571
2096 661
185 2632
2531 2240
1654 2519
2608 2515
268 1892
938 454
3007 4530
2686 0
286 634
2074 3281
3439 431
2293 3886
2304 4763
3361 3975
1160 4316
2902 4569
791 3756
2282 4294
1553 3516
2154 2663
851 1753
852 4735
1669 3567
381 3484
46 3733
430 1607
1105 1131
1338 871
996 4809
1181 2270
1526 1225
3221 2887
2344 1319
1567 2954
2407 3278
192 3906
2990 2393
1691 1391
1821 361
2683 4623
1682 1611
3242 851
28 4283
3525 3374
344 2909
759 1127
1555 1076
3117 546
1455 1386
2146 4930
3267 27
3215 3801
1993 4852
1397 3509
2608 2425
1982 1228
2110 1663
1495 2326
1555 3011
475 4837
1635 3033
3 2134
2606 4494
2475 4637
2564 2299
3415 2301
1332 194
3522 3184
94 4863
125 886
3522 2611
2765 2847
3201 576
173 1582
2545 4546
1247 2914
1209 2879
1274 329
1116 2053
3245 2459
397 811
1104 115
2574 4375
1089 4709
1463 3178
2192 2782
2043 4919
2618 3207
217 162
664 3677
2548 2838
1367 3666
419 3437
3114 2739
2798 4382
3535 3010
1375 1811
3356 2200
3576 2191
2169 1951
1867 2063
1629 3300
2822 810
665 3094
2472 347
2901 2751
2437 2464
688 2453
2899 751
1174 1041
1194 4558
1414 2163
1400 3163
379 3888
866 1521
1555 3495
2199 32
1737 3504
2372 3344
668 2269
1455 2111
789 4810
3005 4357
2996 2555
3086 1318
3017 4048
2665 2228
1485 4960
1676 3008
3378 2212
657 4190
2743 2399
2538 314
1433 2531
2883 2040
777 3202
1154 777
2223 2862
428 3439
642 1253
357 834
480 3013
1102 4937
3256 4433
650 1064
1544 4777
2392 3238
1381 1211
2932 4062
1493 411
144 4069
1894 4054
963 2612
3207 4445
1325 2406
3036 2596
2327 3049
270 1498
1373 3810
1940 3597
1315 3840
3046 143
3650 2232
2532 2804
714 2842
2918 2004
2798 1231
724 3770
2623 1706
2789 4945
631 881
2427 1705
1560 460
1405 3378
3195 997
3601 2265
2900 1104
2143 4712
2936 1643
868 1842
1003 229
1183 2009
1979 741
192 4447
3230 2007
1455 1407
2520 2361
548 1007
1840 1133
2754 1767
303 1852
2441 825
90 859
1224 2366
2641 1383
802 2601
2912 1430
569 3215
1780 3255
1810 1369
2642 1030
1373 3936
409 4136
1764 2101
1068 3148
1677 3478
210 3845
2282 4728
453 2295
896 4834
2544 4160
2563 2165
2219 3636
1880 1317
1975 18
2575 4214
135 176
1935 1232
1132 1656
2419 3523
1111 2615
2982 3086
754 3253
2866 3822
2719 653
3688 3237
356 17
2672 967
790 2952
2976 1640
3471 4770
655 3514
1831 1623
2152 2303
1625 3325
1666 2571
1481 1546
2525 773
2055 3442
974 4402
366 4567
1222 3843
348 4886
3731 2546
2132 924
1135 2987
2158 1320
228 483
2379 3689
1375 2884
1618 4906
2847 1397
228 1625
3176 3690
3505 1884
2125 1085
1100 1011
2350 537
828 625
2799 4959
2536 1813
2068 127
2127 1877
2545 3996
1016 1786
1609 2454
310 3477
1334 3593
3718 4439
2165 4398
1655 3034
1768 3112
698 4913
3377 1327
1435 4794
2393 4202
3570 3095
244 1836
2003 4301
1501 1112
3491 1247
2201 3501
365 2251
2069 1830
783 3307
3729 3210
374 1019
754 4083
3541 4199
1674 1561
2650 66
816 3271
1059 2248
675 1679
445 4477
1022 4071
438 1078
3381 1262
3104 92
404 3683
3026 907
2210 950
2452 1854
2732 4793
2952 567
1942 3585
2366 4948
564 4163
2378 91
1891 3905
1914 117
531 4687
220 3984
3506 2793
1825 2323
883 2812
3392 2559
2422 101
1002 3667
1367 1142
503 598
2740 1875
2475 2112
3551 644
1714 4396
750 206
889 2801
2296 288
126 857
3518 332
3558 2310
2250 3982
482 2480
380 3580
1581 2839
3218 2693
957 4358
2275 1090
3086 1445
423 3582
3833 3530
3166 1670
2544 3350
2779 3485
1524 4253
852 251
2691 3314
2448 888
647 2385
622 4166
3038 2699
2170 129
3042 2767
1888 1409
942 536
809 2335
1297 4838
501 4032
1080 903
3477 1308
1170 2999
3788 4484
3562 2969
277 3166
1802 51
1165 620
3650 4170
253 2215
3364 769
2855 2204
1822 3574
3291 3454
3615 3556
3554 4589
1615 721
3637 3169
2340 3103
2832 1039
2167 1952
1667 2626
398 344
2600 1356
921 1588
2511 2254
1846 1451
182 1565
3410 3973
3522 1891
1152 989
2384 1879
1217 83
2042 4928
2390 1522
953 2341
3858 2417
3178 3451
2130 4503
2985 4097
3781 4516
1337 4624
2918 3804
3098 337
568 1536
809 1612
1053 324
3000 4082
582 1138
456 4103
3872 2250
1870 527
2952 424
339 809
961 4803
3491 316
236 3305
1229 2030
1042 1233
1978 522
2458 755
467 3061
1294 3705
950 3399
236 2096
3416 2127
1081 3817
2741 3075
3820 2266
2263 4185
374 4504
1777 2483
466 226
2561 1337
446 2387
2566 317
740 2614
3097 149
2462 608
533 2856
2227 3591
242 3337
2790 2992
3078 702
1922 3715
2977 2576
1576 341
914 3653
2522 4509
3824 2268
592 4898
242 1808
2230 1402
3635 952
3303 1144
2888 3102
3716 3912
986 4278
2800 3759
3220 249
2128 1860
325 4081
3885 525
3151 893
2397 260
2932 574
2897 2020
3484 3030
3647 4531
1106 4993
1967 3536
1899 3940
912 1468
3635 4448
3766 2344
3675 245
2448 3461
2946 3723
3311 4940
1459 3899
1631 822
267 219
1160 1713
3931 1169
366 197
3733 4843
0 2108
231 1797
2548 1040
3470 3926
2585 703
3088 4130
3723 4702
3308 3406
3270 1841
2783 3089
1790 1357
3437 2805
3637 4088
2792 1637
2072 4511
2623 2468
3654 538
2435 3587
2660 503
3606 4778
1425 3311
3122 4983
3576 4813
1729 2936
2686 2784
3658 2557
3159 4957
225 1959
2169 1770
3161 3857
3242 3167
736 4132
1718 2853
3728 4186
3917 1115
3974 2868
872 917
138 4001
3993 4767
1400 189
628 4275
2395 1281
16 2579
1258 4079
2747 2294
3414 469
1830 4541
3210 237
287 2126
242 2047
3975 4164
1870 4918
3409 71
794 2565
2325 2753
811 2094
1351 3588
2370 1905
2474 135
3210 3586
0 2545
2086 3139
3485 169
1164 2125
444 3231
3163 2968
1966 2940
1168 1345
3663 1123
3858 3624
3832 1869
1164 1594
3305 676
2627 2173
1721 2549
2245 2081
3633 2041
2083 3230
1581 3992
2864 4717
729 3820
786 2857
2127 3293
3260 593
1907 3291
3531 2088
2454 4826
2333 4181
1357 3781
944 4014
1902 1179
533 566
760 1724
3455 3962
2941 4347
1342 3518
3026 1925
492 1528
550 3704
281 3280
3157 1487
3623 1766
1576 3981
2730 2965
963 870
3112 1569
742 3455
241 3209
1282 1256
2107 4783
3835 1553
3176 3222
1547 1922
26 224
462 4156
3727 2010
2557 3003
185 2286
1269 2439
3275 4625
1342 1899
39 1984
31 2807
1718 2220
539 4963
3059 544
1402 3581
3276 2861
3440 4664
2597 4988
3414 3554
3268 4392
1715 3450
2636 3994
1502 2752
834 2089
636 1462
3733 111
2863 60
1402 3082
2726 707
2388 10
743 3460
1342 4359
3717 2696
2139 4923
2431 4526
2471 3860
64 1312
2442 2948
1664 3682
2779 3765
1356 1850
1975 31
1487 3561
2206 4580
3354 2735
1758 3599
2905 1224
1401 4609
1256 571
1050 2419
984 3072
240 2943
3113 275
1437 794
3531 2481
1384 2199
1600 339
1847 2716
3316 4632
3746 4060
3644 1370
386 2613
144 2885
3134 4318
341 3649
3188 3479
2004 3079
3058 291
592 2436
2609 3731
1125 1073
2461 1689
1276 2944
1571 887
3412 465
3446 1481
1346 1034
1191 3171
784 1840
2357 1427
3772 2743
3217 507
3809 3090
2795 1465
3050 3309
3874 2598
192 2721
3160 327
3113 1662
3965 1667
464 4830
290 3620
2964 4148
3020 4657
1617 2019
3096 2779
464 3129
4152 3071
2400 175
2633 3664
4007 4613
437 442
2841 2373
3351 665
3230 4334
1174 517
1541 2907
1713 3249
4041 2648
1354 416
376 1163
3878 695
799 3054
1307 1353
3598 3663
1786 4273
2716 3392
3441 3469
3019 2365
58 2050
3700 1941
1792 1975
3903 4882
620 342
2222 1230
773 2976
1442 1632
809 63
1015 3056
3480 4601
2925 4881
2116 4349
2342 54
3167 2875
3972 4769
3320 1926
686 2024
3075 3216
2547 3409
2285 1638
267 504
3007 1655
2333 2320
2155 281
359 2194
95 3285
493 1614
727 1244
3984 872
4025 1570
577 451
4028 4738
3416 414
55 2318
2675 1534
1707 2055
4026 3565
4033 3493
2097 4266
670 4250
2727 2229
1268 1079
1603 2984
875 441
2073 3239
1709 74
4227 2355
2142 2556
1801 4268
982 1259
3389 4575
3364 4304
3224 3749
2501 2511
3399 3882
1575 3256
927 2939
2291 936
2467 1448
1914 2790
423 2709
2038 2155
526 4807
4236 158
176 2818
3923 4348
2641 1324
2437 4394
2490 446
656 876
3517 2972
3604 660
1988 4556
915 4191
1118 3812
706 4456
2212 3165
28 497
3609 3511
1756 1418
1397 4232
358 180
3942 2206
2288 3004
1134 795
2562 2771
634 1146
663 3871
569 2689
3762 1927
2309 4476
1687 3623
1298 4022
2553 2066
3171 2416
3540 854
3791 4463
2442 3709
1299 542
1609 3348
1016 2938
3576 4825
4222 565
2164 3017
1017 3466
1088 3074
261 3345
3698 2575
3333 1326
847 193
2915 1962
2515 1873
2272 3436
3608 2116
3606 2217
2799 2570
2284 3965
3902 2176
3126 630
2950 1372
3444 2434
4115 4890
4214 4920
127 2284
519 640
674 4090
1210 4335
1981 505
2943 4682
1635 4009
421 1379
409 1140
2366 3015
1621 3855
1805 617
803 3173
1765 2356
2454 1173
3961 262
3143 2350
1897 1035
4274 4251
4092 408
1475 1998
1998 788
1689 4211
1674 3738
3100 4941
3717 4314
525 518
2829 4970
2376 1108
2427 3386
2948 701
3229 2105
3465 4046
1899 393
1829 2048
448 915
3037 4222
885 4261
1713 3657
1743 4533
2744 1511
248 4491
1385 3987
4159 2236
1499 1335
189 3294
29 3050
4147 2731
2049 2003
2709 1180
4210 252
2205 683
1052 4966
2766 3395
2599 2279
1957 1328
2284 1872
845 4080
2989 4144
1503 4608
2045 2959
3593 1649
2399 3914
4206 3916
452 641
435 3235
4094 1305
1539 4289
3070 3694
2705 3841
2803 1953
402 367
3641 1139
3825 958
2459 1782
2754 1923
414 2654
2189 4479
3673 4468
362 3496
290 4653
4108 1906
3721 1130
739 4037
54 4822
863 744
52 2443
1689 3575
515 1252
710 670
2867 843
3862 307
24 4655
4145 2600
3659 3740
3834 3617
2309 4652
3806 3941
4228 3873
1801 1783
1168 4671
1415 387
273 1406
2048 478
3061 488
1142 3894
895 3548
3411 4536
968 2491
2309 1796
3314 4500
1572 3174
4008 3650
1921 2499
3664 2649
3626 602
2888 3332
2091 2437
2674 3060
1432 1165
4181 4480
604 4187
168 3412
4361 2401
3211 2395
2360 1419
3697 4255
1668 4965
3713 1168
2541 1929
1186 2046
969 3288
1239 686
3370 3097
2067 4236
3451 3251
1338 3948
849 2618
591 3474
1737 849
1570 4725
2377 2921
3146 2728
3617 535
3455 2650
639 4551
2152 1184
1510 1058
3594 389
171 1633
3468 348
1662 3422
1487 951
3280 2869
282 3793
4221 1333
1115 1033
4255 845
853 2604
2778 3048
563 830
516 4259
4200 4114
2331 1567
1730 350
3548 3596
1815 1182
2518 3958
3172 401
356 2016
266 94
1705 4798
4133 4964
347 2224
3266 2843
3220 1681
727 3745
4080 3264
2318 2259
104 1960
3113 3287
442 2597
2619 2495
97 2255
519 2339
2310 3105
3136 4740
2030 4875
3509 4143
2831 2152
1376 2321
4029 2190
705 1038
4399 3381
2173 3821
4263 1254
1970 1580
2154 3644
4410 609
242 4535
3084 3503
307 2912
3018 965
4422 1031
449 3718
1386 1859
1366 4040
3529 600
3754 946
3937 674
2071 3534
4522 3695
956 2351
1124 3849
2227 3559
850 4020
307 4120
3826 896
1797 2333
1779 4241
4498 3299
2303 1751
1042 4388
2423 3289
4239 4122
3365 1362
2134 1435
764 1302
3161 2644
1464 1505
404 420
4250 271
45 2149
3054 388
2470 3229
2332 3310
1773 1947
1272 3537
343 4952
1188 4415
1430 733
893 380
4059 3522
3425 409
136 1241
481 426
4464 2774
2633 3568
2911 1102
275 122
3463 191
3671 2798
911 3853
544 4800
4019 1055
2421 4140
484 4285
1140 555
1834 4832
1993 3542
1208 1901
2063 1488
131 4694
1392 2526
4562 889
4547 2777
4459 150
1905 3555
4369 3279
3951 3353
2585 1107
1717 1122
2462 172
147 3656
3500 3864
4027 4064
1194 105
4099 748
4505 807
2889 768
184 3185
2440 1574
2558 118
465 628
1364 4178
4176 4603
3028 1803
202 1267
1723 501
871 4697
3834 1992
3400 2616
2258 293
3454 1600
1758 3375
3272 4472
1866 2990
1808 2732
3721 1809
163 2593
4278 98
801 4525
3250 2811
3646 1958
4016 2981
1028 413
1781 1121
2236 2609
1802 3321
1844 3802
355 2085
1127 4855
282 301
667 3275
4371 4077
4332 4215
2485 283
2576 4247
564 985
577 1450
4298 1153
296 1464
2492 4792
1324 928
1584 12
3088 685
3772 24
3578 30
2045 1338
405 516
4349 4596
436 4922
2876 1598
4265 2360
5 2109
3909 2093
1446 3734
3287 500
639 3630
1490 2705
1571 2820
2392 582
2689 3446
2398 3971
4123 2225
2068 4954
1460 2683
3914 4464
716 4330
2351 649
2170 3312
3346 4141
4631 2104
3002 4720
482 923
2871 3955
1496 3904
2358 1719
2214 960
3521 456
732 930
2134 2558
2449 4755
1984 4150
2198 4413
2182 35
3027 1289
2790 422
336 2741
514 62
1917 814
465 3335
387 3144
410 1315
2293 3616
4327 1618
2065 2170
4548 25
3611 4872
4600 148
3543 3618
2048 2970
3873 4260
2722 5000
2876 4024
3280 475
1480 4818
19 1712
837 4538
3403 3124
2038 3429
3070 3662
4554 2407
4461 1213
1770 2669
1705 4884
2366 4505
3826 1010
3353 3456
1275 2725
1686 1510
1576 1787
3859 4835
3748 4846
2910 2682
3066 3900
394 4962
1082 2530
2467 305
3052 1376
1734 1325
453 208
454 201
2665 4329
4257 2145
3701 1533
2201 2691
4178 4701
1418 3861
2332 453
3949 1741
1650 3193
4546 2521
4265 1056
1011 1622
506 4871
1283 2408
3155 4998
2963 372
421 1063
1599 1564
1741 2151
4055 64
3189 241
1434 4677
1755 2544
1292 1216
125 1466
969 2183
2353 4507
1571 745
3850 2765
1989 1729
3954 3748
3094 4902
2371 904
553 4154
2854 1997
1100 4562
4361 667
4684 371
805 3583
3037 1921
2728 3445
27 2058
309 4028
2867 1851
2696 519
2428 806
2554 396
543 3168
3497 113
2783 1683
4127 2949
452 137
1545 3652
11 1432
4194 2662
1444 3909
4442 4470
3585 4339
2381 2169
4269 502
804 4936
1367 1054
3805 2045
2486 3444
1887 742
1451 2929
3354 558
3710 4929
2950 1720
4091 4989
2650 185
3880 4485
574 4406
3326 4592
80 828
3763 2070
2123 2964
4637 607
628 2723
3372 4591
551 2110
3198 4197
778 1218
2194 2882
3373 3997
3638 2934
4650 1237
4268 3613
3514 3387
3004 4011
1188 1452
2523 353
2076 1980
3509 2054
39 2079
698 4544
2993 622
2351 2783
548 3183
1430 3447
2800 4279
2087 3673
3215 523
2016 3076
4801 3421
1393 1868
2621 3327
2782 1075
2841 1399
4432 1205
415 812
946 1200
131 2388
3949 447
1437 4849
4525 3898
1862 868
1683 2762
2040 2656
210 2913
1246 1271
4022 2273
301 4973
2628 3844
4469 457
4544 4252
206 4356
3912 897
2187 3212
1118 4949
1491 5
3759 4303
3608 1036
4772 4972
4124 3754
274 4726
1005 4397
2461 1162
1074 273
909 72
4147 2363
1484 3188
3660 2444
1565 4565
4485 713
517 890
2225 4041
4815 2605
2775 3676
783 2337
3131 1270
3743 2470
4239 4403
2810 4768
1653 1602
2007 3707
4417 4827
180 4814
4173 248
4441 1918
1054 1297
4130 782
1301 3792
3908 1914
4102 4376
3620 2118
1928 3818
2430 3753
4255 1631
778 4325
393 4315
1864 1436
13 2329
940 4124
2726 589
400 310
2362 892
1352 4254
1495 2641
2922 838
4554 2606
4426 2659
417 2552
3234 2181
3698 4271
3825 1426
164 2260
3818 1497
2284 1556
3940 2638
264 2153
2760 3776
626 1540
2636 3578
922 3295
14 933
2197 2103
4259 1707
1940 839
2255 2123
1884 1352
835 1023
4380 1621
3858 4365
17 340
4860 99
1234 2674
691 2440
1228 4867
483 1736
529 2595
2294 3319
1599 1087
1907 4666
4728 494
1760 1688
93 4790
308 45
2026 170
584 3885
4415 3750
1979 1686
367 4343
1086 2223
1080 4927
793 1355
2192 2891
2631 1750
4042 3739
1361 2168
1241 2754
2203 4561
1357 1848
2065 4221
4848 4230
4523 2877
3430 2076
1223 3957
4716 58
4731 1542
3887 2264
453 3646
2960 821
1159 2426
3962 2871
3426 2899
1095 3569
3606 4685
2554 458
720 1008
1132 4161
2093 4489
2158 4981
3465 1110
4073 1458
