10000
0 6066
1 6792
0 7647
0 7438
1 8322
1 3047
0 5383
0 5635
1 3416
6 8984
3 7507
4 1783
4 7003
13 3264
3 1898
13 6078
7 9224
7 9915
5 8910
1 5207
4 3494
9 6437
11 3225
9 2071
23 5643
9 4210
16 981
20 6137
18 4624
8 1777
11 6632
18 2331
32 9296
5 9350
19 6356
15 1178
14 3111
10 2057
20 6946
33 1648
5 1085
11 9841
2 2348
43 5120
6 8589
38 1870
41 6809
37 7456
46 1947
17 6349
30 1125
10 6887
16 7398
7 4648
10 4998
29 1814
43 6352
28 7403
42 2786
47 4627
11 1220
1 316
52 2905
39 7070
47 4614
50 6806
17 1929
30 4199
30 2299
28 1841
33 516
68 464
35 2695
35 1371
60 1294
52 1356
59 6659
24 1011
44 9472
28 288
44 8667
5 2888
59 2565
18 9976
59 9421
69 2869
5 7541
7 4956
31 5361
44 7525
90 5720
25 7535
13 5870
50 9667
56 6565
62 262
85 3499
57 809
57 6967
64 8523
14 9611
94 8963
30 2206
79 6854
92 4638
49 5924
30 1058
91 674
61 8204
77 4256
61 7071
39 5294
1 6424
109 7146
32 2503
97 4866
73 5631
33 4764
61 2014
88 7177
46 6167
107 3459
18 1455
87 7255
54 6670
107 3149
51 8359
91 6644
70 7311
114 6498
89 2323
64 8816
41 7381
41 6731
92 470
75 9095
52 2213
102 2669
43 4292
14 3299
104 1395
4 1667
96 8181
138 7458
48 9951
10 6088
102 2543
7 804
76 2928
4 6208
3 5791
51 6542
18 4131
141 5381
95 4645
10 9327
133 7459
52 7644
54 7886
71 6450
17 1889
122 2697
9 8287
120 1200
133 9016
96 9810
31 1361
105 4183
25 2604
84 3423
3 6858
48 8719
137 3102
68 4089
151 8649
65 2414
95 3425
166 884
130 5526
127 876
44 7103
31 1742
172 453
165 5252
62 6720
109 4039
72 3412
69 660
164 9556
134 8635
65 9310
87 4511
52 9689
93 3030
171 4463
111 4584
68 1864
134 1526
166 8765
94 6231
43 3643
54 460
171 3236
70 5213
128 986
183 9769
164 6996
92 7969
129 697
27 7749
150 1311
114 8118
157 6054
103 2336
164 7134
55 9777
88 8073
121 1443
199 196
123 2478
160 254
19 4245
215 1986
80 296
169 6008
191 8041
116 253
210 6179
69 9423
181 1977
154 2540
77 932
189 3377
139 3536
229 1995
142 1740
17 8491
216 1352
213 2861
164 8047
202 1152
21 571
214 2342
203 1363
7 9679
135 7667
243 9489
129 3246
177 4446
2 9247
127 713
38 4822
27 1008
97 4240
251 620
242 5426
243 6418
145 664
127 8784
17 8248
164 6018
65 4368
183 2809
181 4797
0 7993
221 475
169 2317
145 4005
26 9169
268 9580
147 4098
204 6379
183 6707
100 9766
212 4080
267 8834
151 6139
118 7159
221 2332
46 937
252 4369
83 6228
200 5756
60 1799
113 2176
113 7299
43 8977
158 703
76 4412
257 6889
139 2897
134 4863
5 9831
59 2020
14 9349
269 77
181 4686
154 1436
125 770
233 6159
90 1330
252 7812
3 4830
106 1111
114 5825
100 1529
101 2481
48 6628
219 4821
172 4168
224 3103
241 5838
253 818
162 2593
259 7731
112 2613
163 8877
14 1858
163 6668
280 4896
105 8610
317 4601
54 1845
312 7726
160 4999
111 2810
53 4881
60 9659
22 8217
220 4617
178 9260
77 110
283 9114
50 5271
16 6682
17 7797
194 7059
69 2453
13 7497
70 7491
127 8514
259 4598
133 5986
67 467
95 107
165 5925
157 8090
59 3998
173 93
66 2366
102 6194
196 7186
234 4483
211 1756
255 8147
162 1004
307 2425
251 4431
28 6129
245 1793
304 6573
90 9336
209 1121
96 782
248 8036
252 625
21 6844
313 4567
174 7798
290 6673
346 9555
335 177
242 7450
33 2100
351 1384
174 9912
87 6843
256 2889
370 5385
213 5497
128 3130
278 4298
50 1807
67 3585
52 2440
70 493
248 2367
375 2500
313 2350
66 6998
113 6869
349 8373
328 3395
82 5835
78 3143
362 7457
363 6754
332 4355
207 6237
325 3439
66 9812
311 7781
99 3213
69 5974
196 8257
107 7149
340 3598
362 9596
223 372
189 9151
42 7487
173 5228
252 1282
55 7296
116 9113
44 9396
334 817
324 6849
321 383
305 7173
170 2979
191 9194
265 1767
130 6700
239 1963
317 4534
71 4345
95 7769
310 6320
42 3219
230 5201
21 1400
98 4024
200 4847
133 4004
326 4374
36 392
165 5225
132 4038
160 7532
71 7575
104 9060
423 2680
30 1026
426 1912
288 369
13 2103
249 7408
207 755
234 1285
249 4349
386 3939
82 9393
408 3916
189 376
8 2721
136 5607
288 5726
69 4267
100 3202
312 131
407 3887
228 5069
97 9943
319 7694
177 3177
81 5017
231 2643
211 5614
426 9531
274 9530
87 4392
437 5706
59 3870
49 5947
102 441
409 4012
211 9495
439 553
403 1604
176 5330
237 8489
132 5019
417 7142
289 9249
23 9650
462 7417
80 6624
196 7984
62 6945
89 8199
358 6683
85 5891
225 1958
307 8691
355 3270
108 6072
463 7291
103 661
217 3043
204 1972
373 8993
362 3449
220 4691
250 8368
408 7347
220 40
469 9906
346 8638
152 1802
263 5788
95 3999
339 5665
139 6596
63 2448
513 811
291 8452
348 7991
179 6126
72 964
333 8122
262 6701
278 1936
90 1284
48 3780
102 3231
276 2986
364 9688
183 9140
255 5951
186 3825
328 8967
322 9602
376 9199
39 4236
267 1852
242 1388
226 4001
254 6793
228 1911
486 4226
237 2140
62 4387
450 3985
86 5945
83 4515
262 7441
237 3071
66 5514
342 9743
95 9882
336 6271
46 6225
293 6530
82 1580
96 3508
234 7378
477 2502
41 6980
494 765
472 3139
418 3909
55 3242
226 367
488 1603
332 9796
361 8254
117 1847
526 7191
324 6541
317 5255
182 8069
338 371
278 4516
408 7934
53 6619
149 4932
337 2258
324 4451
189 3027
259 6061
49 6106
545 5918
15 8507
114 5273
313 9441
185 950
32 8511
52 3038
35 4242
317 2211
112 4457
280 1208
194 961
81 2454
124 1989
477 7684
150 3351
352 6959
390 7851
530 2902
104 5856
499 7861
237 1518
231 1932
3 1390
450 5263
93 6723
476 4597
389 7334
185 4394
281 6459
81 4404
509 4749
295 6247
571 5774
197 5882
17 9672
77 5150
352 3013
548 2040
99 7662
349 5848
217 19
480 9797
241 2406
185 4950
255 88
150 9878
94 6431
415 7171
49 4096
55 4300
39 7681
174 991
278 7042
486 7335
430 972
195 2700
329 9399
300 9317
602 166
448 194
102 7453
370 7284
488 1945
128 7316
88 7348
411 8428
183 9576
71 9537
307 8503
414 4072
569 8825
0 5186
425 6860
1 5617
218 9051
603 6981
587 898
249 1392
545 1328
408 9282
169 7319
490 6004
656 2694
8 4637
182 1113
522 9745
409 2776
469 7606
196 2868
631 5741
506 3563
514 3089
644 6472
57 4951
492 1665
73 9286
667 900
580 8853
531 7905
148 6966
298 1010
417 9053
631 853
100 4144
179 9267
275 7856
342 180
227 5162
357 2841
294 1269
589 8343
547 7037
424 2789
660 388
308 5026
364 9173
141 8092
299 2012
402 5333
349 5229
235 8795
410 5107
406 2389
696 2223
679 3000
367 8561
670 1137
393 9370
393 5469
597 4827
7 1235
207 3370
80 1275
422 8579
65 2701
126 287
669 9073
357 9739
113 3857
705 6985
20 7730
326 5852
203 1470
464 462
708 2266
725 9959
555 3461
363 3693
420 4899
119 2548
595 7828
637 3628
422 5676
512 4095
27 6417
173 9987
183 7841
587 691
279 5648
698 5357
269 564
521 4117
492 3080
102 4484
188 1731
87 6862
609 3144
116 1509
18 4826
92 3667
286 5379
728 4454
443 3066
647 4296
123 4517
557 8956
460 9412
442 8681
437 2456
575 1172
372 1241
218 672
704 7922
647 9728
335 5603
493 6718
639 7556
461 5546
231 2243
230 1483
288 9902
466 23
227 3095
525 452
442 9626
388 2394
309 4161
475 5589
43 1763
177 9588
128 3982
78 2639
738 4476
604 9788
250 8125
247 2673
672 7434
418 4415
16 7081
570 4901
49 294
724 8941
423 8346
523 9868
319 7646
94 7493
323 6076
522 1481
604 1631
176 993
658 1360
361 8449
351 3623
108 9448
493 78
52 5999
47 6466
761 5792
433 8135
18 7801
120 9303
618 8242
584 8614
325 9064
348 9706
606 3834
210 1233
375 7145
445 7598
745 6621
410 1414
581 3725
7 3926
410 1067
428 3273
194 1190
238 139
148 5732
222 1006
477 9554
272 4861
600 7306
75 9801
634 304
831 5733
427 1822
111 8788
765 3229
82 3250
84 3571
2 2654
810 9047
737 3539
311 8634
219 8928
803 4295
457 8774
110 3104
12 4734
767 8357
175 7238
428 8408
715 9039
480 4418
63 1899
94 8826
230 7214
746 3691
241 5677
632 8628
420 4865
742 3133
88 6923
431 6830
835 2004
755 6264
278 5867
347 116
68 6378
226 2834
161 5098
463 7607
695 1312
540 7734
199 8787
497 6952
642 7390
842 9202
505 3607
187 9503
449 8456
687 4784
152 216
199 9419
229 9407
879 8109
336 237
133 8619
459 6508
746 5049
215 8815
122 3085
421 9080
712 593
857 229
179 9686
821 9237
705 3448
605 7136
657 4177
124 7474
51 7619
658 547
783 8179
316 4977
476 8418
839 3433
522 9899
695 3799
436 2308
875 9229
109 8952
290 6135
811 9710
46 5246
67 5055
325 9363
549 7570
237 1288
70 9617
522 1507
606 2306
812 4509
41 8915
570 3984
578 1054
431 6940
215 3781
503 134
668 3813
883 250
741 2267
898 923
845 4266
710 4626
913 9806
826 6252
735 6785
522 2091
487 3784
463 8416
0 2713
526 2935
844 3389
503 7775
180 1095
453 3668
290 4310
183 1916
677 6986
851 9372
954 257
368 6771
72 5587
912 199
188 2494
101 8896
294 53
0 8173
860 7180
222 6355
52 4571
333 7968
339 6388
580 7165
521 6554
694 3649
868 6868
184 3712
902 9333
643 5467
300 1440
240 2842
78 8094
457 4702
143 3802
858 8055
624 6212
418 5492
600 443
559 5596
222 2574
668 7062
519 4172
491 9001
266 4941
142 1151
571 3282
618 8794
711 1571
359 5133
762 5538
575 7569
233 3376
505 8277
882 7844
458 1108
824 999
527 8
870 3911
186 9724
838 9484
728 8361
423 8736
182 953
622 4939
552 7349
937 3159
226 8526
142 9011
372 1131
391 4135
168 4524
609 5957
327 4633
840 4307
695 1918
759 7473
338 2891
32 3371
235 852
397 4823
998 4858
699 4811
875 6268
442 7834
569 6999
17 1410
826 3824
335 3690
372 3413
771 7579
474 6098
370 3922
428 3847
428 6033
778 8580
577 265
50 8641
482 1654
493 1627
449 8819
516 4582
284 1964
697 9070
464 3790
138 2234
993 5185
610 7382
991 561
904 5137
386 4382
755 8078
789 9040
79 4670
72 2735
99 7256
719 1707
779 3747
426 6215
418 9218
466 1848
649 7806
402 7120
395 4889
591 5177
405 1664
683 6892
613 7631
48 4834
878 2855
884 9598
168 1913
188 8622
729 2352
516 8208
675 497
574 3045
1080 1206
538 1823
501 9961
300 3678
836 1099
154 2374
33 7383
980 4102
142 8872
449 7277
773 321
18 5612
1005 494
494 1576
565 6916
194 6918
745 7505
111 8665
853 5550
414 2932
524 2508
618 7428
1096 3889
437 8187
269 5062
746 6579
152 1877
762 9858
904 3321
560 3653
572 5878
1075 2395
1048 1506
1110 1072
29 2311
678 979
1103 202
649 627
1115 9600
1044 9101
1118 6165
732 1617
25 5291
251 3176
491 5126
154 6740
1017 2294
144 5507
289 9762
1104 7548
163 1501
345 8214
256 354
1036 8613
73 3112
793 3908
226 3381
681 5436
318 4606
295 2630
626 1850
11 1869
987 5818
403 9100
798 6627
496 6873
514 832
104 6570
755 8119
1132 925
285 5742
1052 8785
177 50
637 9206
1078 3764
351 6099
278 7755
658 4995
326 5038
891 6371
937 7552
797 3015
704 2578
891 9981
670 9603
572 6101
891 9723
446 7336
444 6217
204 4689
41 1437
1098 8407
1124 8285
243 7132
1002 1407
855 5873
30 1338
282 7283
1025 4320
81 8935
805 6275
890 6248
163 4583
1147 1643
152 5991
908 2295
458 9783
682 8887
1099 5327
930 4204
892 6166
1075 1812
1145 208
555 5562
305 3228
775 8072
94 6555
840 2095
991 5735
1185 3204
432 1910
418 6324
167 8783
313 3316
1064 6825
1193 3732
1158 641
1175 7989
410 5446
486 5362
885 4817
1205 2151
532 174
817 5704
1046 9616
715 820
658 6975
928 1908
543 2492
644 3414
570 8502
640 5194
119 7657
1084 8102
501 8232
835 7974
1050 744
186 6345
570 4910
626 7016
116 8471
1170 7654
436 7980
596 2987
1172 3182
1104 8759
842 8409
58 9105
719 5448
736 2312
1104 8398
452 8394
1044 5655
526 1838
595 4405
1175 4619
970 341
36 7927
186 5341
807 1700
707 6953
476 2970
108 66
219 1155
1195 9107
992 3046
704 4678
972 9361
198 355
341 150
812 6763
263 2410
837 9464
179 5606
1173 9618
759 9986
195 8889
591 5582
480 8986
1258 9482
973 276
125 4475
1169 2982
953 236
950 1828
582 8323
341 89
626 5417
867 7754
909 9983
1041 79
346 7041
1043 3280
1019 3551
97 9719
66 6674
808 7690
713 3928
781 4478
469 7831
1191 9294
298 201
217 8655
459 2556
862 5217
82 9678
622 6338
336 7089
329 8739
575 3342
971 3062
1099 6963
1265 6181
934 6979
765 3523
50 2257
822 7418
685 4312
575 9653
522 938
803 2445
815 5114
667 3466
74 6912
897 9500
466 982
1228 8460
161 0
1098 8076
490 863
1113 2656
360 1195
260 628
1144 3610
356 2901
440 8309
1253 2054
23 7757
427 2455
102 9534
1191 5552
1190 4770
34 7363
930 3829
301 5466
1247 6520
749 8340
1172 4251
709 988
886 5989
1214 8930
1268 8814
754 5605
102 7896
448 1030
604 7906
609 1511
274 992
780 387
576 4957
1285 9907
857 4843
5 861
1171 1840
1180 7133
29 9926
96 6314
1 7391
920 3877
386 5616
205 6855
41 6
1034 6699
1122 7723
462 6503
1027 5826
542 6211
194 9997
234 1505
813 397
1207 523
1246 5692
1301 9377
1366 3841
765 7212
824 2617
1188 8130
64 837
963 801
13 300
914 3193
712 9457
656 1217
420 6047
1161 9845
964 8547
671 5033
256 4538
390 5517
1127 8940
713 291
21 8850
335 5048
1126 7555
54 6097
959 7203
515 4812
1017 9823
933 6265
1016 9329
681 6689
463 3434
397 4789
595 5842
1096 2064
454 9288
207 502
581 7637
657 6856
14 7270
839 6984
609 6119
886 2465
1096 5474
347 3748
959 6595
1271 6960
72 365
1365 6773
1388 4083
1184 966
608 4857
233 4581
302 2429
1186 3002
1108 5187
749 1554
689 8182
376 9453
172 7045
1209 8314
1002 1073
1240 7908
1133 6340
1102 6305
696 5709
389 846
340 9248
879 1331
898 4761
588 5651
1024 977
605 3502
698 521
1259 7175
1095 4113
547 6303
531 8335
76 20
233 2577
1102 5982
983 5287
205 1170
347 3878
1168 3493
574 5654
886 920
1389 2671
918 5418
447 8592
153 2451
817 3688
716 7410
99 4149
894 6898
1218 6295
30 9559
661 7910
243 9645
697 9432
609 9804
470 2877
649 2357
601 3597
668 5439
1467 5348
803 7545
393 8479
148 5164
498 3418
922 6755
754 3951
122 4092
974 94
967 6327
720 6391
1148 8061
662 2069
175 3699
57 6865
663 9911
1492 2960
86 784
590 1020
191 9562
708 7567
1091 2022
1370 2422
199 9539
1218 5264
632 5198
722 7068
345 4121
678 3392
1132 4553
1165 6090
125 8707
1011 1982
17 8295
888 6822
1437 5168
117 4937
859 5064
917 1234
1408 8048
1507 1694
161 2286
964 1611
835 3472
25 9467
593 1926
517 8310
422 4044
419 5329
1428 1345
602 7154
1121 3059
968 2611
1177 1939
995 6124
1373 5853
771 9018
1360 4156
98 1498
215 9614
371 5694
265 4231
1497 4079
928 7231
181 2668
1073 8341
1148 883
748 2598
1535 6928
955 8095
619 569
808 221
358 5930
795 8513
100 4630
655 3247
520 9714
567 5021
1259 244
161 2584
530 655
1264 2018
627 4808
189 5140
458 3629
1238 8752
885 326
533 5579
651 6412
312 7376
1253 2388
1144 1406
843 6189
6 4660
1287 5787
1405 2182
781 8726
757 1727
496 6695
529 3491
1464 3913
936 2818
967 4754
843 1396
1014 9540
1426 9257
895 4589
771 4666
751 8154
357 6944
1477 3142
713 9320
1433 4875
1306 3056
544 4721
864 6734
1013 8529
14 910
431 845
50 2222
396 957
1343 8137
64 2931
975 577
118 7130
1039 9511
628 8188
638 7913
769 9702
948 3752
297 2072
1479 9120
1087 6138
1100 5471
726 5501
1311 2756
1293 6678
39 352
610 8755
645 3727
979 4960
332 1546
298 7865
123 4390
1197 8434
468 5722
1304 239
1176 3565
1340 3440
1278 1249
436 1081
1304 2904
422 7368
416 8611
543 1624
746 1854
727 4490
361 9422
983 7440
1358 2144
773 9411
1191 440
298 6451
773 8976
641 814
1292 6913
1058 7415
35 4965
1034 4214
764 9963
1041 1682
152 3315
756 145
1287 366
711 9583
1056 5409
1359 6610
1185 1922
238 6531
1181 9233
1360 6820
1090 9172
944 3352
26 7397
252 1891
1350 6312
1552 1658
1547 175
291 2790
174 4193
155 611
1285 7660
479 9181
479 8679
28 4495
1106 2038
512 8895
55 7292
457 9093
368 2262
1309 4506
214 5915
724 5625
1174 8639
625 9014
556 4311
1182 4715
163 1971
1543 5710
179 10
1276 1630
657 54
287 9639
1216 3053
1180 2846
909 9401
147 4895
1460 4265
530 8183
1270 4867
1045 9313
475 9174
632 8366
1484 8224
1114 3796
411 6007
845 5011
571 9364
5 4417
1192 9546
987 9732
1192 9238
829 2129
1262 7899
1457 5040
79 7188
231 1307
172 2652
646 7625
1300 2762
1539 5108
461 7520
68 7859
1275 2482
1539 6539
954 2419
1117 4781
343 6205
556 8080
1314 6180
647 6051
1349 9346
1194 6475
964 9944
578 2886
690 954
1085 2764
655 114
523 4061
1063 9052
1281 8063
1130 9759
779 5173
1165 5485
1736 8883
1235 5829
363 261
911 85
1289 8404
267 7574
1483 2055
750 2094
372 6983
684 8618
1516 5823
119 1261
349 8424
564 4846
76 1048
21 7187
1655 3698
1655 275
30 4230
317 3881
1175 4841
653 4738
7 7947
1260 185
141 5874
761 4725
1039 8761
1202 8604
1379 3411
943 2215
1211 4824
1598 2772
769 9314
254 6025
1037 2186
923 9386
86 4945
1208 9605
1703 4468
1598 404
695 2078
1226 9147
1515 6544
1660 6729
412 6143
1361 6717
1015 7143
197 6788
1435 8746
935 9195
224 346
1109 31
1618 4280
152 6049
820 8370
661 7982
730 5070
1450 6014
1667 4871
287 6812
1541 6751
1740 5640
65 1933
122 1091
1497 6383
1612 6799
848 5301
635 1103
496 2319
474 909
998 1636
1186 6501
351 5188
675 5516
449 6500
374 8701
1045 2393
52 3435
872 9980
702 9594
1259 5561
1556 8490
508 5174
1590 1040
1444 1262
1588 3967
935 1065
1672 9892
83 868
164 1516
1556 3324
45 2505
300 130
834 3845
443 880
875 9996
1782 4343
1637 789
83 8535
88 4067
219 8070
1652 8682
1145 6594
873 2784
615 6709
1222 5530
94 5851
456 4967
918 6280
44 9722
1362 8835
264 406
581 7877
1024 3396
1066 9729
635 7304
1312 6034
1833 1806
844 7833
1571 4440
1108 8858
348 4050
1341 8974
1031 2006
1520 914
822 6605
529 1892
820 4162
271 2791
1331 1561
758 210
395 7517
1837 7501
26 9677
714 9262
381 1644
1276 5408
1280 3442
1086 2616
1059 9881
1196 2523
471 3160
1680 1066
255 9010
1817 9338
365 5336
276 8347
908 363
1196 4077
1089 7610
1357 9239
1113 1532
1538 1976
460 2187
1704 7164
1681 7025
1895 3452
1479 2591
237 7666
865 5461
1165 2442
229 6430
1441 9751
1338 118
1466 4625
245 6145
1614 7148
613 7480
1894 2647
498 1411
1205 2744
1302 6556
1033 8700
1357 7554
1580 6633
97 8089
1622 5154
1473 4716
729 3464
1498 8454
450 2730
593 4814
819 7528
1831 8337
403 232
1682 7147
1693 6395
937 527
215 5537
1589 8444
78 8474
160 8140
1537 5522
1389 2345
1556 5125
1409 8744
254 903
1578 5847
542 3520
601 5871
1289 4115
35 6786
658 2821
299 2581
1788 1257
1940 2178
694 69
1919 8353
1725 1508
1792 4258
1710 7665
955 5192
1106 3566
133 5576
1079 7639
1092 1688
926 2864
558 5850
1559 2290
912 8447
40 1221
1935 1637
329 2711
365 544
1347 7678
218 3150
494 9021
1054 9392
1102 1211
737 2946
965 9834
1165 4989
278 3340
889 2115
985 7380
10 4372
704 854
1187 7582
1197 7088
239 623
455 904
1235 915
973 9388
1802 420
1389 3588
1053 8336
108 2416
225 6185
835 7832
939 1946
1615 8298
31 7230
316 6989
1742 3573
416 417
1645 9078
714 5844
1395 1645
1241 6077
305 9272
1378 1591
1463 9342
1286 5082
680 5233
228 1787
1565 515
711 8025
1127 5638
448 518
704 2871
704 1268
1031 4467
298 1651
851 203
869 9200
207 4898
772 4257
191 6588
1518 7261
31 1600
1122 9862
1626 2135
1819 2895
1908 9061
108 5936
1461 850
15 5127
847 5277
336 8551
79 3123
1828 6829
1471 6477
1151 473
1468 5145
587 2724
1427 6886
985 6436
23 8856
812 3631
1769 1146
1475 1069
1847 6267
1744 3529
1607 9215
496 1186
1395 1124
1359 1192
1541 2438
118 4933
1517 4952
677 4331
1006 147
1292 984
1513 8143
261 6804
1185 4363
1907 1684
608 1748
1691 7871
1417 687
1551 447
786 3481
1008 5024
890 8360
361 7860
399 4969
865 4976
784 8881
1039 8669
1698 7985
239 6483
1023 3521
1821 3811
618 9340
1807 7475
239 4921
25 3295
1067 7557
1781 6613
304 7413
1865 8239
1971 3990
757 8172
1937 7727
1142 8110
2060 7424
1364 9948
1695 6195
313 3441
1513 1973
1525 520
1240 9415
446 1227
1669 8873
98 429
926 7924
1514 7627
367 1369
1083 338
1226 8950
1469 8999
399 7884
2098 8369
1568 7664
1198 2856
1002 9628
236 6748
971 3564
510 990
1561 9854
1268 1640
957 9241
858 5265
739 7150
1969 6060
7 3518
1296 7102
363 3404
848 7590
827 7377
87 4514
660 6398
1452 8350
395 1633
541 8390
977 1076
374 4143
1770 4485
461 4294
1155 4887
242 8097
2112 3294
1408 9524
553 1259
142 4222
1797 5320
767 2675
1769 52
186 6698
1969 1303
968 3403
1411 4787
1983 6204
288 3612
1173 9170
89 3697
2143 2218
1077 4911
1657 8148
1043 4940
1239 2238
514 5072
1940 6749
1332 5525
1287 9584
1464 8111
787 5647
1881 9402
459 6240
1374 7234
2087 2199
2161 3399
1530 8459
30 2873
592 3599
1972 5938
1895 5179
794 2865
156 4492
345 4346
47 9859
375 8599
673 7987
747 6772
1259 2070
1626 9905
889 5600
363 7745
710 2980
708 1239
767 1680
1419 7268
55 839
1492 2607
46 3755
1912 3081
1340 6857
73 4308
626 5520
293 2881
339 7675
1504 7814
488 819
238 5249
1053 4765
385 5649
208 4062
986 7882
1528 5032
1831 2382
468 5237
104 1660
1642 5404
1161 1565
1512 2803
212 7854
605 6883
1470 5112
579 6354
1752 2954
57 3303
725 4992
890 9993
865 4203
1144 466
245 186
2084 2124
628 4958
395 5077
1468 9358
2119 4145
1650 8332
238 3408
1932 6691
303 1016
911 8688
477 4455
1179 4557
873 7312
1168 2839
1195 7793
1925 9850
1276 5196
1263 2554
1027 4088
941 1351
1226 1718
1124 6895
1846 891
328 7688
2080 227
92 8304
984 2751
454 4442
951 1924
1573 416
2228 1393
1896 3328
1589 8710
656 1324
709 2981
1251 5672
897 3774
2081 831
646 7184
1233 3323
2122 1375
1762 9337
774 465
1113 9713
2142 8481
690 3719
261 7259
262 8557
1658 6177
1395 6016
1728 8528
314 6577
1508 2477
729 5937
1079 8905
1075 58
1042 9871
154 8311
1049 2180
1868 5573
1661 5771
716 7216
1076 1183
1613 4680
861 3983
1339 4714
620 9211
1069 8620
1563 1162
2240 24
1870 1770
1378 3028
230 3018
2122 9936
1675 2753
1453 6813
376 8313
1578 3906
790 7168
348 5251
45 7672
2182 2226
184 3736
1062 5424
910 8273
1991 375
1024 7506
521 8721
1715 8852
833 6347
1848 4025
1392 5595
1025 3179
1826 8396
2158 4281
1822 7823
120 5778
923 3429
374 1790
101 3067
2195 6702
2245 896
1389 5744
976 393
1622 9563
1032 1037
496 2805
659 9339
2269 8962
2164 9711
2316 3115
1091 5350
1435 8585
2150 7766
1077 7236
941 8898
646 7706
1513 7536
967 3269
1556 3552
896 4667
320 6123
404 1980
192 2109
860 1357
1208 9989
879 3084
177 1579
1612 6346
459 7056
1707 3635
637 7978
466 2915
615 5039
339 6936
2173 9535
960 773
759 8292
376 282
480 1484
2027 8840
2316 7917
1985 9082
1851 3745
1255 2792
1997 6070
378 8760
2285 2120
786 9684
2187 476
1824 8419
770 5830
739 4124
1355 6442
1852 8002
2241 1174
1269 8411
1754 5076
2128 8577
1521 1966
1132 6299
138 9384
2 6522
1311 5300
514 1314
852 8085
813 1182
1253 4828
754 6478
203 3676
956 4677
2165 3063
61 6506
838 2402
1582 6903
387 4134
351 8632
409 3973
1321 2522
1421 6488
346 8906
1143 3087
390 9864
2204 2212
619 9897
1216 48
1169 4954
1258 6227
1378 8729
1178 3682
528 7066
232 9189
1864 3706
184 4217
309 9715
174 5369
1911 888
2060 9835
278 8266
1838 280
668 8363
224 5806
1761 2832
850 2137
2120 3821
369 6333
1187 1355
702 1677
485 8720
1265 8574
22 1553
2174 3580
1716 6410
1792 8044
476 172
337 8462
1505 5281
1874 1568
763 9287
609 5515
1026 3876
293 2362
267 2586
850 7897
2355 1441
1626 8022
657 2506
284 2872
2092 5765
106 3482
520 3300
1856 3937
520 1692
1741 9302
706 5917
237 5684
31 9793
2400 8426
557 223
134 3559
115 7649
2294 4301
1013 5476
1712 5736
31 2677
1786 7919
1267 6669
1906 9244
2309 4411
1000 797
1609 4187
2376 6523
1243 4277
2004 1383
1662 6547
1622 8789
410 3006
1034 9974
2321 3692
638 8358
1428 7128
1053 2898
1965 7209
463 9491
1625 1024
185 9087
1588 9779
35 9410
2352 5898
32 9242
1124 8334
798 5527
1108 4094
979 2600
946 4285
1716 8385
1642 1803
913 3427
1578 5784
1011 8031
1514 6332
417 9840
2131 5743
2076 6241
1339 2473
1883 8420
2186 586
1541 242
121 6974
1740 7577
1738 9913
1062 4551
277 8052
882 266
2295 7836
1240 7227
1414 6780
2017 4642
1963 3126
1748 4893
158 6266
1865 9767
1081 2999
490 3954
1906 2158
55 4201
1783 7375
2018 5015
539 4683
1022 7320
2189 9180
272 5427
551 4905
34 4380
706 6744
1386 7099
1596 7386
1638 5402
642 9013
393 2665
314 9005
1108 3272
1618 6427
1416 7940
1113 5297
1790 5933
1679 2005
531 9527
1008 105
2194 6482
2465 1494
1447 8724
2488 8269
1872 8009
675 9805
23 2997
2309 4045
1807 6027
1046 5679
851 6533
1590 7017
307 2534
965 7399
2216 2339
425 4408
1220 1666
1173 723
845 7112
1289 806
613 7055
457 8485
558 676
1589 4299
1951 8515
506 3044
1336 2475
1843 5703
1093 4057
239 2001
2367 1578
1598 6642
359 8522
1104 890
404 8498
465 1704
2558 4342
1872 8690
708 8074
2418 7308
1439 9641
893 5801
2232 1094
1102 9825
2339 5760
6 4037
749 3522
1954 8372
1570 3090
2206 1476
383 4221
2024 8921
2561 135
250 8356
1903 5097
1845 3924
2487 8149
1489 3131
440 7805
2466 164
786 5555
61 9934
1673 3892
659 6283
1643 6950
1816 935
198 7495
56 9209
1525 5816
2608 4018
959 1497
210 6396
1158 2831
272 377
1559 5366
1791 2650
2250 1286
778 3673
1441 6257
2419 5393
1561 2237
2402 2143
1458 1784
2106 2285
1077 8410
31 350
2154 3368
2431 5209
1462 1135
1068 5981
507 2067
1256 9867
1047 450
2192 9196
2452 5414
540 8354
1730 3010
624 2853
2361 1873
614 2962
2317 7581
2253 7477
1190 5780
1981 3151
1626 796
2228 1198
937 6515
1818 3326
532 8841
1243 9632
1224 3312
2067 4558
2265 5674
207 2275
181 2418
83 4333
2628 8281
795 5884
2033 2191
1072 8472
424 7796
2272 8954
1271 7686
722 1780
2520 1859
2629 5779
806 9354
764 8716
173 2539
2539 455
1888 138
1200 638
1632 5913
2284 3099
884 6847
1547 7387
375 3096
826 7179
1509 9863
381 7138
1311 4681
2224 8865
1726 7776
640 7020
698 9324
2610 8654
1255 2145
1704 7680
63 3898
2643 4336
212 4733
1425 6747
1725 4700
494 9427
1272 6777
2613 4402
2512 541
1919 3593
2528 495
1108 4351
90 7523
2651 1552
431 6326
1068 7254
2276 1671
1503 8185
639 6817
2001 9155
1720 5037
2345 705
1123 1544
2355 9146
1186 5769
1080 7447
2050 6292
2653 2645
1995 2474
1502 6458
2082 1213
1620 7580
1984 8876
2027 1033
721 6065
1272 4202
1506 5358
120 9633
691 6071
1987 8026
412 8134
899 2188
1657 1764
1193 1189
107 4612
728 188
1861 1915
1988 6502
438 9551
1579 8676
2106 9004
2565 562
1421 3169
1612 9347
2413 6742
1998 4370
2513 5680
1981 7852
137 5746
2689 4930
1033 8689
732 6738
1956 6727
523 9471
2221 6238
1862 5618
2746 3372
2047 8942
102 6538
1668 3556
314 8205
139 9698
1266 2190
791 2437
2138 613
717 4091
1255 8202
1667 195
1468 4837
742 7612
1572 4425
1469 729
462 875
2605 4902
662 2916
1732 4775
2628 3975
1441 449
347 1243
2697 601
891 9721
1341 6058
1876 3514
1715 4233
1395 3646
1111 6543
1046 1179
1931 349
1241 7964
2227 1110
55 389
2408 4596
2018 1380
1311 7022
2162 4664
2555 7218
1971 9935
22 8040
1173 1445
1320 8406
1750 727
517 2950
1146 9179
1250 4906
2176 4185
2512 5499
138 26
1916 5134
1246 9526
1079 2029
1147 9360
862 1031
1779 6206
1113 6187
2289 2550
758 5629
1055 3485
951 200
530 6140
2238 8674
2801 3810
2011 9725
2384 5086
2032 2660
978 1974
1136 4883
683 7444
2715 2310
2777 2658
2736 6807
1223 1726
258 4410
2022 8608
2281 7466
1781 8126
1201 836
90 3165
701 3750
1229 5496
195 1488
765 751
140 2403
545 9059
1852 6397
1822 2952
767 2959
1343 3327
2048 3486
1026 1772
1991 1618
1331 7559
2215 5261
2098 4929
1029 630
528 2509
1086 1673
2038 6401
1133 2138
902 5443
949 4238
1192 3186
390 4378
2532 2941
1120 542
526 9837
1004 3869
688 235
2400 9924
1322 7219
1375 5118
114 1007
215 8565
2612 5067
2802 5363
1012 4399
1548 5256
1189 1493
1637 2077
1085 5244
567 740
154 8240
1641 1161
1353 8601
1663 573
1826 8431
2208 1817
154 743
389 5797
2791 6737
2587 3175
1995 668
484 9306
17 215
973 8402
193 8553
364 7943
810 6102
2467 5027
413 2541
566 8891
853 9058
1321 2490
1692 9695
2623 9513
2676 6449
1890 7289
2257 4493
2143 4407
859 825
2275 1999
675 407
1216 81
1847 2582
1128 1070
1199 1078
499 8484
2419 6815
2068 3041
940 7753
1243 309
1448 7671
1142 3382
1406 8473
1470 431
788 9397
1167 1018
791 9497
488 2793
1901 6499
2331 4503
2447 9166
816 1595
2097 943
357 1902
2288 8810
862 8582
2303 7875
1131 5056
2415 4592
841 8253
1402 6646
2304 5259
405 3190
1682 8751
345 6434
69 1147
1879 6590
1383 956
861 8696
1707 9921
501 3275
1020 815
313 8683
197 8842
1317 5814
1514 537
1472 3575
1216 2044
1448 8955
172 9619
2115 2458
886 8647
1967 302
2831 5141
490 1415
1599 7359
1488 1616
1055 566
1365 6524
1085 3120
1595 313
1890 7720
1897 9613
642 1247
1179 419
2771 5222
1594 9532
475 2491
2373 9549
1131 1950
1282 7248
2132 7163
1853 72
932 4087
1211 5500
1297 7933
824 8722
1992 4985
736 5860
2323 4723
1582 9048
1805 9205
511 807
1518 4358
572 2770
2838 2771
2132 5772
1715 4125
2238 6152
2065 5812
715 6200
234 2513
394 3710
2481 5505
1827 1538
1542 97
443 1043
819 9970
204 8934
1411 5219
2581 4009
1981 3893
405 1185
689 6907
1411 2130
931 9455
2738 8532
693 8886
719 22
2581 7048
1990 8392
1614 2863
588 5855
303 1928
2698 9504
941 6057
569 1826
220 6932
2592 614
2444 8923
754 1524
343 2216
723 624
2621 7479
1399 1
2901 8467
1990 1426
275 2672
2434 3513
3021 2682
1386 6377
2332 554
144 5658
2653 8642
803 336
2883 3587
636 8705
1322 8996
294 7267
269 9975
2343 9919
1867 163
2724 193
1549 4043
2602 4752
2868 184
775 3788
2803 415
2835 828
433 5934
354 6553
1666 5155
2198 8656
1696 5687
292 9938
878 6322
2572 4688
1729 8807
1529 6164
1713 7181
2702 619
884 9790
389 4872
2091 7064
2636 777
667 913
1249 7170
646 2307
309 1914
1860 5827
616 8636
2229 7317
1520 1050
2257 7075
918 1681
481 8615
2513 384
1307 5796
1875 6036
1885 2459
1715 5895
1229 864
2102 6692
211 3769
1355 7787
1008 1060
2057 11
1628 6664
212 6510
2298 1878
2683 9231
2016 9726
1093 4568
2529 4552
2900 8651
776 179
2658 5096
707 6675
1687 517
135 1472
176 1163
1746 5715
1777 6639
237 8255
550 4741
2408 2224
1634 7892
609 6956
217 974
1332 9775
1132 8659
2000 5121
1331 1450
301 3888
2689 2599
2348 4036
3118 7461
1175 6955
1397 4528
2108 1996
2615 2404
2604 8250
2232 6229
1087 1522
1456 99
1873 8827
1263 3345
1141 6073
1949 1465
2576 5397
2385 8421
1775 4430
349 8497
2135 6460
430 3855
146 6409
22 1537
1764 1868
1542 5044
484 5314
2140 9821
1316 1452
2597 8970
185 8021
1705 5489
1156 7471
1259 3976
1226 2194
2617 2315
1321 9752
798 8780
1724 5670
1680 1260
1358 3633
850 4197
1870 4778
3077 5163
1914 9473
1632 5403
2427 632
657 3722
1372 5785
2274 9786
2327 4585
920 127
2828 8855
814 27
1298 9135
138 7613
971 1210
169 7951
2311 4918
1725 543
1260 297
2126 7641
1098 8333
748 9487
2140 386
2937 834
2952 378
716 4986
1889 5622
1377 1586
1712 2000
2258 4359
1908 1232
1907 3544
498 8499
236 7829
2678 3338
1201 4112
2025 4278
2127 8139
1174 5955
2403 1925
1580 6591
615 602
2775 9066
1455 5479
1695 9758
576 2411
2003 5958
327 7808
2184 7469
1216 5822
2220 1439
2385 5421
2865 5340
5 3185
3164 4803
496 7632
2238 1177
1820 1299
2080 3940
699 3428
2684 8949
38 8677
1352 7061
2825 5353
973 590
224 4576
120 7921
719 5149
2289 8057
2523 2537
2426 9271
3080 2811
189 3905
501 3460
2794 5909
2727 7115
3226 2719
1007 2535
2308 9379
2673 71
1523 4659
1622 4959
2632 4668
563 7873
765 5608
551 5973
744 7645
432 8692
1782 7011
1217 872
1027 1753
632 8020
564 2324
1888 733
1866 5863
2986 7353
76 1129
761 7406
836 292
2611 9406
238 1157
949 222
187 8867
320 3016
181 5298
1394 9985
2352 1715
309 4031
1597 6640
243 484
3005 8169
2 3216
2771 9956
1865 9290
1443 4736
1716 4574
2488 9615
861 3785
213 8627
1482 3417
2277 701
1152 1678
82 7785
2429 4924
2874 2322
605 1492
1998 9026
1446 7396
1567 9960
1459 7701
666 4082
2238 8944
3235 6202
1970 707
1980 6335
292 5189
3119 4676
2419 7392
3143 374
2203 8643
3285 8797
976 8846
3101 2042
592 8288
1986 3184
2728 8470
1467 2239
2988 1432
2280 315
915 3075
2882 2167
763 1473
2036 1965
1601 5282
2878 4453
2095 7914
708 6017
1801 2631
1400 684
2968 6568
960 5763
582 5079
797 6848
2907 2812
44 6002
3108 5731
2332 7332
2308 7997
2343 8294
956 3217
1820 1993
2968 1959
2419 1720
474 6260
2037 1362
2200 1917
990 6209
936 1028
3307 1482
2358 3309
2434 7023
1412 8773
267 2476
1122 4178
1925 7343
1043 7435
2890 7484
686 9259
3195 8848
22 8534
2776 737
3010 6487
1616 9438
2137 4152
1861 2890
306 8494
1004 4205
3199 247
1493 4747
2939 3863
642 5309
2139 6250
1734 7777
3174 6677
2446 1804
769 3751
467 2988
920 9157
2045 7342
94 5568
1609 7674
757 9474
2056 5577
754 1615
3093 6493
892 1491
769 6170
153 1238
2099 1832
2622 1277
2863 5721
1940 8331
418 4791
2404 2848
2235 9928
774 1280
1219 3632
2985 5367
797 5693
1721 3333
2130 3872
2991 6289
2507 2778
978 408
130 3194
2524 6947
702 5916
605 4268
2307 7955
2332 3680
223 5158
3345 6609
2246 2387
3193 189
1624 1771
3019 9979
17 2013
1024 8395
2981 3576
2435 8637
1148 549
3203 7460
827 3650
1507 1969
2448 9747
738 5365
1573 5712
444 5858
1662 3444
1709 8833
1201 5389
223 5394
1243 4953
2467 111
2933 2081
2109 426
1846 6867
1057 6157
231 9910
2874 8180
116 3823
3081 191
1636 3574
3131 7888
3015 6441
2842 5248
1627 4880
794 681
1026 2527
2235 9953
2970 7046
907 4141
3023 8129
536 9300
2222 4303
460 7221
2858 717
2762 7098
2184 1792
2847 7210
1275 4234
1600 5899
2610 8880
1427 1391
2076 2256
3257 3475
2963 3757
3221 7530
2597 4128
1996 3768
3240 9152
2272 2951
2520 9352
3282 6943
2523 4097
3016 3994
2486 5456
2076 6342
780 6384
326 2041
1423 8728
3058 7636
3194 1541
1720 5572
3482 7953
1973 1596
944 3497
811 6055
2480 1535
360 9156
3414 4658
77 4449
3025 8552
208 4897
2125 2248
52 2773
929 6601
1831 2634
1333 2087
193 8806
1290 4215
846 2373
3194 9612
2073 7724
1320 1548
1329 5481
147 902
2934 9516
2715 4993
297 6151
3446 3776
3084 2074
419 5208
2655 7144
786 5545
1954 7603
3107 6329
1754 289
3480 8284
2175 5110
1022 889
2560 2059
78 9424
2720 132
1443 7032
1425 360
504 7077
2592 6924
2516 5384
180 508
806 347
389 6300
408 6552
33 4639
1238 438
2413 5941
3306 9387
929 6068
1910 580
2379 7250
96 7361
870 2080
1254 3956
3488 7263
441 3865
1738 7764
154 1833
1911 3180
2511 9374
2372 4273
2100 1156
2163 644
2835 8980
1615 1367
3155 792
48 9036
1460 7197
864 2086
265 2692
3144 8178
2379 9088
1758 5156
2249 2046
3130 3249
1543 5083
1208 2333
2438 7122
189 5321
924 8851
1013 8163
2027 3173
331 3787
2052 7388
548 2383
1998 1270
3241 2720
1863 56
2196 7394
1706 6258
780 98
2119 3234
2895 1716
1488 5406
1754 2918
1445 1438
3053 3355
1860 6423
1775 6132
979 505
2855 4127
3131 6604
281 8032
1042 8733
1280 3431
354 7705
2107 7106
1549 5322
3117 8801
2969 827
1784 583
1021 5508
867 9357
2974 4022
2696 7047
947 533
2359 7537
2542 2253
1171 4809
872 8750
2601 2590
1349 535
2749 7018
227 2850
1250 4414
775 3348
96 7315
1662 3798
1639 2089
1339 1693
2671 6618
438 4783
1563 1931
3172 258
299 6287
1947 6091
942 5308
3410 113
792 37
1689 5202
1621 2166
321 9356
1260 428
331 8209
282 8948
1868 5270
3580 7472
2223 3731
1567 2596
1004 6153
2138 9945
1128 9452
3054 1872
194 6103
156 327
1370 8487
1450 7001
1008 2098
1953 3840
1394 963
1457 458
483 2714
1696 4564
1775 3078
663 8828
1720 1531
298 4628
287 2204
2392 9456
1421 9901
1859 2510
1966 1955
2307 8008
1286 2983
600 3373
1606 9240
1972 8703
2850 9459
2686 1585
3006 6245
2405 5203
643 5355
3555 9098
1165 5003
1517 7771
3263 589
2471 9674
283 4894
3505 4903
1695 5216
3122 9544
1772 7266
1963 7502
2753 6096
2749 9099
233 6109
1838 4810
1946 8383
2905 779
1208 6976
3388 750
2036 9707
1168 8723
2043 3400
357 368
1071 1453
1244 4961
1333 5020
2849 1319
3222 958
133 2102
1806 2767
136 3619
1908 1096
2601 5750
1787 4474
221 6272
571 2396
2718 7710
160 1034
1503 3455
2140 456
2911 3726
1523 3997
3210 9236
385 3873
80 6207
3626 7779
2760 2221
3517 2624
2355 8226
2824 329
768 2276
524 7547
2564 5331
1799 9382
957 6795
2672 5395
2227 7285
445 555
2911 5747
1772 2278
1073 4635
2458 7253
3575 2384
3682 6044
669 3108
642 5549
187 9578
2476 8081
1245 6394
712 2303
3639 8860
2540 2196
2726 2533
3482 592
1600 8769
930 248
2349 2269
3605 9665
1016 3378
230 1358
1564 424
107 3140
39 3900
3544 3806
144 2113
2545 45
723 4219
1605 3222
1528 1300
3328 9132
1273 9950
2710 7881
2245 2746
3082 9648
2500 3689
1927 4519
2799 5663
3387 4106
2102 1702
2107 8802
1414 4140
245 1657
768 7944
3408 6920
336 4766
2371 2942
3175 3221
257 7330
165 9145
1015 5935
2224 192
2094 108
3216 4040
691 7986
2790 3555
2955 5883
169 6359
3483 6334
1691 4327
1661 7437
152 2828
2397 3287
2658 8605
1151 1608
3535 8106
65 2689
1092 2775
3116 1291
2229 3947
12 7695
1130 6694
3747 7821
1198 4508
3359 3164
2064 5854
3561 5047
2106 1171
1706 5657
3330 4191
2622 1623
2691 5182
127 6864
2995 5749
59 9662
3121 5601
2738 5262
2761 7587
826 3684
877 6611
1371 6491
1449 9550
3060 2370
511 3346
1486 1039
187 2056
689 413
574 3918
3391 1562
1096 4051
1236 1442
1757 2217
2368 654
1195 835
3274 2432
1174 2146
597 3942
3760 6183
223 9877
3093 2725
1399 6020
1042 5302
1778 7211
3129 940
2046 2910
742 8987
3623 2822
289 6001
3790 4439
1032 444
1641 9425
2834 3696
148 3122
2934 7518
769 8469
1905 9940
1767 2328
3191 4507
3630 9946
1434 4934
535 3724
3613 1463
3322 2385
1111 5912
2907 6321
2919 5504
793 6679
3639 9158
17 8731
376 4324
1847 9405
567 5708
1917 2739
698 9697
1405 4006
2350 8300
1995 2843
2511 4223
411 2736
710 4400
203 8000
3446 2975
2215 8718
305 741
1990 8969
642 7137
891 6560
541 3848
1636 2277
1858 9700
3873 4988
2775 3421
1928 4854
3487 5289
318 249
3511 6142
2512 2320
1556 4794
2329 3405
2141 3739
1792 230
1281 1613
274 7651
665 5831
1071 7407
3309 2920
3479 2050
3740 6203
3525 5611
811 2670
2082 4237
2455 665
1448 2632
3505 9478
12 9442
3584 6584
2323 4550
769 496
2426 8550
1636 6094
1649 3615
2817 599
1971 9117
2958 9235
605 5176
2678 8630
1946 7503
3072 6411
1562 2967
887 2601
3919 7226
2073 7966
1687 3890
3546 5807
3745 3859
392 4020
1394 1582
1386 1550
327 5836
206 7685
2843 4743
661 6816
1488 4874
3223 8127
2336 9567
3544 3822
310 8508
3296 753
1602 877
3078 2335
3062 5506
3790 5071
1069 6638
256 8973
1097 4433
210 4693
1037 9836
423 8377
1888 9663
1007 7511
3242 6038
3606 6574
534 1242
991 2752
2857 8275
563 3076
738 5215
451 7712
2867 7770
3192 4246
2850 6192
3015 8822
3668 9436
1785 7894
1814 669
3424 9124
2618 4316
3736 1495
367 1029
2558 7855
3803 4030
3215 6357
81 2479
2440 6589
2714 6629
1348 2378
1491 3537
1233 4195
3818 9466
1528 5876
1241 1478
2126 2036
2708 6306
1788 504
566 3531
1550 9519
1757 5338
2621 7321
2827 6079
1777 4578
3020 353
1406 7773
134 7357
2093 694
1346 6233
374 6505
174 2169
3225 8425
1665 9860
2822 3875
1809 5768
2483 7309
2163 1466
1518 1169
3874 4232
42 2318
960 826
669 3964
2534 7540
556 3561
1034 4859
236 4159
964 9501
3076 4480
1772 9394
3429 2480
970 7988
3874 6172
2623 7937
2617 9998
846 9390
853 1539
3188 7222
1837 2878
309 7543
1272 6550
3993 6745
920 9669
3516 1689
404 335
1165 8771
431 1587
2673 4562
333 9433
191 3240
2839 5423
3929 4170
891 9400
688 5243
64 1691
3527 2825
157 9538
2480 60
3993 1843
1708 4704
2631 324
3734 2568
1558 8005
3334 7076
3540 3474
3691 1774
378 9880
3103 3212
3918 1540
1533 2466
2571 7591
407 539
2751 4876
3040 1741
2400 2498
1628 1860
2641 4120
1914 5390
3705 2171
3178 2483
3684 2150
3758 4070
131 1064
1248 6210
1592 9735
3337 4975
1573 4461
1316 5609
3331 9733
865 7251
4076 6846
3195 3211
3094 5175
2111 9285
952 4913
4086 8006
814 1769
3379 8520
275 4711
2910 8362
272 858
323 5171
22 1819
2202 8747
2982 1893
432 8162
3898 390
1794 7616
496 7849
3750 5343
1752 7756
724 1672
1715 8997
3659 9094
1630 4093
1277 4499
1223 220
2561 3116
896 2192
2253 8670
103 6447
3954 7659
2059 332
1404 6900
2311 9182
262 2485
3441 1051
4004 525
2033 9886
651 4569
2047 2996
415 267
3602 9518
101 7405
180 8598
1581 7095
2981 5116
3666 5349
3876 3579
3302 4675
2261 8706
2185 8289
1948 9096
1944 7634
471 821
2292 6612
2127 6422
3197 1813
1198 3268
611 9264
3367 6615
3606 8274
3455 5054
3731 8704
386 2030
984 6603
215 692
3405 7739
3089 704
3531 9483
535 8893
884 6081
3674 3248
710 2662
3893 6489
1957 8145
2706 3642
828 90
770 1394
3245 5716
3870 6906
1748 9398
794 8862
2703 1834
1997 9072
582 2349
2316 4759
244 5284
1905 6558
4054 8989
2617 3634
3393 4353
1316 3554
833 9680
2883 5775
2909 8054
1221 1577
2667 7476
1602 2759
1177 328
3427 4494
3996 9143
2816 6885
1611 6416
2308 6259
554 550
3901 6457
1250 3734
3428 1134
2564 2499
2433 783
1852 1340
3468 149
2526 3050
2670 4356
562 125
2817 8453
2633 2860
2367 3029
2271 4621
3759 1765
2096 2375
1083 4118
3071 5593
2762 5090
2315 4074
2257 2913
1562 357
1638 168
3568 3284
1396 8693
4201 2368
4051 7468
547 252
3296 5954
2513 9990
1920 6680
1293 6381
2000 3927
1672 1038
1480 8964
2957 6973
2640 57
3463 1839
3154 6136
3590 7983
3125 764
1334 8897
2179 8238
2359 6216
2300 716
3447 3363
2470 2369
2531 634
254 983
2692 2297
187 6569
2220 9941
1088 9383
679 7246
4079 7093
2126 9184
438 9587
4214 8734
3196 4955
2640 4726
2980 1456
1829 6380
2465 427
144 5470
2931 9569
3091 1252
3663 3189
107 9409
1013 6712
3447 8166
3122 5927
3199 5257
3821 9085
376 5911
1400 1046
1690 3267
1535 4034
356 642
1713 8572
542 8800
1926 6978
1746 380
2903 4460
1508 3950
3745 2698
3143 2796
2562 1120
1368 7890
1737 2937
3948 6392
3227 7652
3468 6779
418 4111
3339 9213
1847 560
3854 7571
483 1224
2805 9676
243 5388
707 6635
1525 5681
2703 3636
1216 4138
4225 2467
2416 9634
545 6655
2589 530
3692 5035
3412 7345
2144 721
2655 3288
1830 7172
1819 3445
3273 4427
4099 7673
1677 1897
1551 7510
1399 6585
2701 2469
1313 959
1613 7439
520 4229
1729 7013
2110 3660
3648 2966
2301 7006
2453 3171
362 8567
3172 348
360 6930
2419 7981
2785 8015
2503 9332
3848 8960
3031 7843
2787 1824
2953 4698
1086 8105
3409 5809
318 6351
102 1759
3359 1435
3394 9447
2974 5795
3959 6452
785 1042
940 1638
3673 2722
3923 5859
1097 8968
211 6485
1497 8588
1910 80
2349 9002
3384 2896
25 3359
2797 1984
521 2197
2548 730
4010 3407
3920 400
2155 762
3010 702
4049 7872
1425 2555
2288 3511
3475 8820
3076 6419
3895 6294
1297 9608
3744 2693
1230 4595
1987 3609
2547 1564
3121 4119
292 4155
320 5100
864 867
129 9536
2142 1942
3322 3364
1919 6480
3865 9753
96 3039
2800 1193
2249 224
4309 5857
3254 2027
2910 9740
3354 7207
171 3846
3639 8121
1286 5678
1122 3622
194 1044
1043 9308
4242 9521
408 9742
2900 3252
2408 5129
2420 1397
3807 6465
2847 1292
2814 6757
3131 4249
150 6620
2944 6721
1954 9947
2666 5053
343 2154
3110 4314
3695 9552
908 5313
2377 9007
1265 5668
371 4892
2922 3917
238 1901
3712 2301
2192 2116
3238 1295
2650 7054
3572 3367
378 5901
547 657
3982 2111
4108 3941
1827 7091
4379 6767
589 5729
1467 1883
1995 6317
2679 8492
4250 8606
1051 8664
877 8141
2806 4422
2338 7167
1100 4306
3657 5183
4240 5442
217 4406
4407 7156
3743 4396
2339 251
695 2428
483 9792
523 2142
2391 8231
2089 7419
3747 8234
1422 1486
3051 1876
4369 9454
2950 4525
2714 3851
1396 8414
948 9988
4003 5181
3672 4175
1174 6243
4436 8590
1243 2874
4401 6310
4040 6810
3966 5757
2565 8151
447 1709
4367 437
111 9894
4128 6803
3184 6516
3358 2148
1556 1052
256 9134
2908 6571
2040 7452
906 8616
2812 5085
4349 1896
2621 3224
2916 9177
3150 486
610 1614
2747 5347
2949 724
4426 8249
264 6977
1886 6716
2516 968
2049 7740
2948 74
2538 3302
4267 3214
4129 9585
1930 2334
1236 102
1916 7362
8 8159
1778 9778
575 8799
177 1903
1044 2141
2958 9035
2193 6597
3113 9187
4011 7780
3343 7938
2195 2646
3428 607
742 7169
3367 3017
2047 6269
1529 855
3555 4136
4386 2433
1809 2033
1545 2517
1028 6110
1178 5242
1043 2233
4463 6760
2137 2798
501 8939
4013 4882
3117 548
1833 3055
3264 6293
1460 6800
575 1167
442 8555
2846 9814
4117 3545
1976 6473
3471 5334
885 8717
3889 1023
2943 5754
12 1791
533 4782
591 8554
86 2470
2945 6365
1593 6302
171 3360
2919 5598
2041 8191
4149 1736
1789 7800
3780 6428
2049 2251
464 1336
2732 4441
1649 509
2185 3838
3882 7959
1044 6840
2189 8184
618 6407
1492 9008
3203 5753
4035 2808
323 7515
1879 5235
910 8317
1573 9458
1816 582
93 2147
1336 8018
101 5542
4078 7995
2254 2371
3111 626
519 16
3087 9359
2781 7819
629 9003
3083 3350
2663 7655
336 2122
1463 3387
2488 4631
2122 2614
619 156
1656 1594
3160 1597
1718 951
328 2615
1513 9720
3834 3721
3666 5316
3454 2060
3782 233
2273 9191
776 5234
4581 3708
4383 2177
3757 7185
889 4420
4159 9574
2975 1762
4294 8623
3312 6580
876 1729
4003 4465
3443 7866
3598 2605
1858 585
536 8749
1431 2824
31 5811
288 7903
4472 6657
2157 9658
2829 4946
1687 9067
1136 4717
960 2953
1891 9708
106 3853
2738 5290
2201 769
4057 8854
3856 337
4270 1199
522 9623
1123 5236
2821 2750
1408 5303
2991 5636
1628 5285
3139 7762
2990 9144
925 3945
2723 2179
2637 9128
431 8327
2674 4886
1597 5254
4221 7990
2571 7337
563 7161
3273 6448
776 7257
3990 5391
1353 7743
2047 4546
820 7366
515 8500
2062 6901
2296 5433
995 4381
1912 1002
1069 3862
3222 6339
2164 3492
4147 1074
3770 1641
85 3728
2422 9226
1808 6074
3737 8175
4236 6075
585 1306
1807 9547
4163 2341
97 4848
489 3936
3979 2255
2575 7233
1384 6592
848 4386
55 7558
2382 7595
2342 8441
1783 445
1241 6768
2989 9620
1465 1098
1599 8276
1608 6149
3824 7333
2910 2259
4551 1326
3133 4565
2397 7202
2957 3534
102 2153
684 3577
1198 8042
3492 2379
1469 1055
2264 7036
1299 5468
2758 3241
3994 688
4470 4313
2708 5144
1974 3048
4556 3168
3089 6874
4458 3567
2742 8885
893 6582
3150 8344
3606 8545
3843 8786
2759 4270
3058 7563
3919 2608
2565 162
3260 6080
1863 7245
4326 6851
4198 1412
4466 584
4106 4248
2067 3995
3320 7623
1635 6290
1508 3782
3037 8087
954 8075
1384 2083
2079 5293
661 5583
4635 8844
4162 5885
4283 9275
3984 9898
2051 6753
1136 2282
4241 5613
3806 2704
1865 5266
504 2595
3380 2452
209 7274
2433 9507
4231 4543
2348 4010
4625 714
2954 2994
192 482
2814 2893
2960 6535
427 512
2256 551
992 2472
3558 9609
3816 1960
669 8320
1289 8138
1011 8235
1116 5570
4439 6687
2136 7078
774 5422
831 4919
3123 9890
3701 7492
3257 370
653 9727
1467 2707
254 9520
3873 3468
3436 6863
4729 4437
593 7282
1885 4853
2414 3479
2726 4065
2150 7907
1197 2524
4562 2838
3351 6301
3558 1009
2331 4825
3216 617
63 2621
1378 9168
4347 906
4350 2501
842 4479
2508 8261
4442 9
4492 5969
1754 4081
86 3542
689 6823
1713 2175
3620 7732
3924 718
2477 9291
2722 8527
1785 1003
2225 8593
566 5462
1908 7850
4253 2
2997 3191
3786 5014
1829 61
3467 1551
1218 5304
1357 151
549 7885
2979 1760
1344 6362
693 3713
4199 8375
1841 9819
1621 4086
802 5959
4723 7026
4710 2917
4490 8600
964 2603
4387 5996
3112 5586
1473 7544
2014 1315
3341 4297
2089 5283
2163 1457
451 893
3287 8524
1611 728
153 8450
978 2612
4601 7010
1087 3516
2789 3871
3436 68
4484 678
2036 3590
595 7012
4382 3480
314 5646
1627 2207
135 3793
1958 4593
1645 7114
3218 5580
4684 1625
1926 359
3296 7848
3717 7069
3289 7594
295 7792
192 6116
1676 2925
1392 9879
3837 754
2822 4085
3939 6564
3407 9369
1140 1865
4716 2936
4403 7463
3945 9808
1238 7553
3464 2663
1987 7904
4086 4318
2806 4573
1142 2768
270 5776
3806 6052
2286 5410
3315 7178
569 2807
1267 812
554 8116
591 6385
3445 7527
357 1245
969 4276
558 9498
2452 8030
3007 6872
2031 1683
2515 206
1259 4915
3940 8832
93 5944
1499 3986
3184 2545
254 1773
1235 1097
3653 4590
977 5700
4663 67
2421 9153
774 3257
3068 4769
2351 540
3893 281
814 3155
3009 152
2176 6278
977 4398
3262 3714
4362 7708
2300 1323
4786 5548
4436 1590
1744 1086
432 847
3102 7687
4806 3091
3308 5758
4557 171
3376 9289
936 5296
1762 6988
1060 7824
2822 2184
4771 5463
3843 6277
4371 5509
836 7592
1288 6877
3051 5513
2575 3335
726 5699
2837 2163
2028 4447
1860 5907
761 9741
1419 9929
341 5817
2307 5412
1505 8919
2091 5061
2533 6791
90 1354
4165 7758
2518 6653
3027 9175
588 6405
505 3261
3278 3263
3797 776
2821 5881
2027 3022
2696 9106
2650 8437
2138 9927
448 6069
4788 8280
2397 5619
846 6641
2644 911
4121 9830
3610 4147
1056 3547
3733 9057
1897 2992
3857 5634
3655 756
628 2854
214 3844
3755 8536
2777 2288
1149 5908
4789 7346
437 6256
3996 8516
2545 6622
1537 8186
2578 2572
500 6891
2779 3454
2829 3239
283 690
276 8796
85 1490
2285 1710
4353 5160
1452 4652
4082 849
1537 158
184 1810
2655 2052
1390 3145
2484 3535
2097 2562
3652 8596
3025 3297
3467 6364
4858 6309
2705 6186
4559 1906
4740 3505
4200 1732
1458 1320
3796 7325
413 6548
3764 8687
3116 603
47 9558
4037 1279
4746 8236
3853 430
2013 2507
4224 1676
3502 4556
3241 1739
806 5574
534 4104
1938 5887
4291 274
753 4444
641 9846
4004 9065
1338 5401
2765 3839
2664 1953
2762 9942
5005 2518
1236 7249
2728 5653
3427 5319
3973 8803
1746 2462
331 8475
4095 2260
1405 7524
3369 5662
3699 2032
2966 5740
1018 8480
4879 8863
2447 3092
3504 2691
3803 7000
4005 2583
2728 1714
3011 2657
600 2991
1288 710
2651 545
1978 712
542 7087
2812 5685
3642 4891
4710 7549
1075 2118
4764 2293
730 2203
884 144
845 5815
1098 2515
1023 9509
3747 7470
4756 5767
761 2649
4068 6654
2421 2274
3918 4922
4204 3471
4720 8983
3592 9009
4112 3530
298 1794
4987 7229
2836 4981
3543 4341
3973 351
2980 778
2648 6399
2060 8686
2257 9654
2555 9754
3689 7004
272 9293
4380 4793
3396 277
4266 2708
1340 8348
4156 7508
1666 4361
4078 9515
1373 5637
1367 4347
1548 3362
467 3244
3092 487
1516 1628
1500 3181
4620 6155
4042 2019
1310 4916
3128 9856
252 9933
3640 9776
3924 9049
2763 9328
2594 3105
2781 4434
4090 9770
2309 7300
1464 4868
4263 7305
2448 3424
4417 4365
3392 4274
1535 3196
2640 522
4903 7431
220 9638
2039 3
3412 8051
2345 2400
297 1062
1900 8946
3273 734
366 2930
3364 5392
3040 4042
2384 8016
1039 5702
3522 2729
3497 9445
788 6651
918 1863
3244 7737
2637 1278
2463 7287
2739 6276
2025 5764
645 8477
3288 5540
3935 9566
4093 7273
3282 2353
813 4655
3515 9089
4855 8164
3885 6650
813 7369
4247 8991
3924 491
195 86
3748 8603
4190 4936
1703 4532
2354 5660
3415 3627
3997 1961
1011 5224
4541 7529
4043 6254
4382 7692
660 7379
532 5435
1137 6191
4990 6634
4163 1068
3382 9844
3750 9201
3342 7442
1657 2464
3541 2436
4284 1141
671 3259
3820 8533
942 4225
3720 8457
4427 6961
892 844
3637 8817
4551 8725
2629 8442
4880 3401
2365 3470
3603 8663
4906 8766
4262 2061
3795 6375
2315 2667
2174 7272
1306 6789
594 8476
3643 2045
4362 6660
2463 3156
4277 9420
2525 6031
316 4795
969 4697
5158 5846
3530 2618
4050 2570
2735 6390
4677 3483
3970 8007
1225 7029
222 5984
2094 3070
3564 1886
4571 8223
2929 2413
4844 34
233 3167
701 9326
225 6735
283 3220
1875 2849
3424 3319
3018 9833
2059 361
3504 1075
1794 1937
4154 3117
4367 4836
1195 6415
2964 9443
5021 9664
2160 7891
1678 5131
2292 1296
1208 9348
4957 6092
3888 5894
3958 8866
5107 8902
1212 1063
3167 1887
2228 7237
5073 5588
2451 6598
3542 5786
2953 3836
1420 2208
106 1289
506 212
3975 5352
1909 2957
865 7804
1766 9581
2078 8272
1472 4643
2972 4033
2819 1639
4406 5199
2863 1015
3596 8957
4551 9545
98 5711
4008 299
1328 106
1422 1795
23 334
2579 9476
1396 146
2797 9637
3946 2165
2984 4066
3640 7633
4610 4304
4155 7656
3214 8439
1834 7538
60 4247
661 3717
2457 9784
4545 2283
1617 7303
4517 1459
143 1687
2008 2420
639 4123
3785 2461
3920 4058
2578 7815
5083 6393
2599 629
3926 901
1573 8222
4776 1059
3594 6360
4592 9962
2365 732
2316 4212
3837 7157
4413 1520
4655 8114
2893 167
1833 6684
2088 8698
1378 6581
2952 1956
863 8564
4712 5575
2367 5325
3617 5457
2814 3462
4343 1373
1916 5952
173 1800
1943 945
4196 8210
506 6316
5059 5184
1354 2504
1018 2594
3759 5375
443 2758
2493 763
981 3817
5134 921
2333 1785
1111 6968
3628 1782
1685 3260
3548 6089
2912 8286
600 3490
641 3024
1874 4966
1679 532
3662 1884
2656 8152
2960 7302
388 6389
4238 7825
3472 2774
3486 8150
379 9252
813 4071
1016 4692
3207 4850
4167 8903
2639 4594
4670 9838
4261 4518
5143 9351
4272 5276
2966 8781
3303 6608
4449 8037
525 1462
2724 568
1631 109
2157 4019
4351 9062
2550 6093
4926 6993
897 382
5334 7714
4106 5197
476 4685
710 9517
2662 675
567 1447
5210 6870
5299 2963
1805 2011
2281 364
3601 651
5300 4832
2438 4146
4883 2407
4168 448
754 1728
2990 4366
3944 5926
3173 6507
9 894
78 3026
4129 18
3612 1904
2130 9909
1926 9183
2468 9223
1656 1754
2926 7338
5017 5905
3630 6127
3645 4512
4757 816
3976 6029
2146 5656
3437 5875
2631 4672
3236 3110
1726 5975
2178 1558
4080 2016
4794 9965
601 4337
1754 2795
4162 7725
1200 9971
4371 6023
2809 1905
4743 8198
764 7736
2667 3205
2080 1061
613 1408
3854 8917
5231 1574
1079 2073
3444 6537
4672 5212
5070 7139
1202 3666
3765 4580
4448 4815
3776 2653
3369 8259
1324 7611
3994 2573
3784 4250
169 8215
4421 9159
1374 2813
4340 9922
1342 3386
2651 3500
2052 781
2057 3789
3277 9439
1826 6420
537 3519
2278 6454
1 2797
3903 2532
3715 6899
906 5798
3425 5968
4486 5486
3181 8831
543 3891
4433 2579
4881 3072
1177 4909
4102 7874
4255 3322
891 5029
861 4972
1277 3415
2460 3952
5083 4646
586 2309
3301 2219
3052 3740
4955 6263
4443 1646
5348 7198
1458 4852
128 596
2459 3054
4113 4970
2824 5604
4045 3450
2861 9325
4842 3453
1404 4973
4965 5922
1015 4735
4852 1071
5336 8339
1012 4348
5397 9214
3316 5398
2240 838
772 9186
4188 4166
2295 1154
571 1749
2009 3907
596 2296
5055 63
1882 1820
4495 5441
3801 2742
4358 7223
4138 8365
5275 9731
3110 7423
978 6987
1314 4767
204 9973
1939 4326
4908 1818
2389 3960
2501 2489
1326 1451
1620 8384
4048 7483
4729 4471
1513 8548
5036 6992
4462 103
1434 4912
4289 8829
2932 6828
574 9895
1497 1248
4590 3037
4212 2344
4640 1165
2938 7614
509 8229
2346 8518
2165 1744
3519 9829
1148 3525
4164 8695
192 5420
1269 9954
1904 1274
3848 4719
2353 8542
305 2754
2230 4577
3250 7889
2024 2741
1919 4796
3511 4428
2093 6995
1184 934
4369 5723
855 3818
1936 8279
2363 3831
3275 1019
618 5904
2285 4279
4814 5972
3927 5849
3435 3963
4764 5250
5026 4332
1015 7827
2929 9284
3031 5628
1293 6919
5283 3208
3153 1219
605 8034
127 3694
617 1128
2551 7121
1450 9470
2031 700
4799 5793
5244 6325
2292 1477
4809 479
2489 3895
3280 8011
896 8468
3332 2023
296 2761
917 9131
3564 1875
2710 7669
2831 7622
2013 1816
1342 7220
2029 6769
1715 5803
5263 3008
1468 5993
1247 272
3083 1489
4802 3447
5322 5066
2206 9163
55 9883
2097 3051
4377 4103
1518 739
2960 6818
79 8837
4460 1867
1803 3716
3800 1757
4844 9799
5453 6649
3959 7516
3568 3265
4950 6432
837 9435
2556 5994
3793 5543
1823 8436
4445 9295
4531 2651
1787 2236
2947 9671
3509 7931
5273 7853
3184 7079
1064 6948
5298 5001
674 5998
4571 3827
2381 7204
904 9670
1605 6910
406 4806
2367 3361
5187 5286
2192 5095
2407 7126
3877 6802
4669 6220
2 4464
440 7573
5553 2949
2658 1402
536 41
2609 2302
5400 9977
562 6915
3123 7996
4725 3675
4830 7735
3067 8252
4277 1569
1364 3349
3036 6125
5049 2356
3936 6249
4710 9019
1155 9590
1927 7140
1522 6059
681 1207
929 1181
3944 9652
2706 9416
1161 9391
3891 9148
1580 3730
2081 865
3448 4942
147 7863
861 1343
1742 5372
723 5143
2758 2733
2932 1713
3359 2557
4910 7717
4899 7676
4043 9278
5564 8770
2239 9896
981 3100
955 6647
3809 1222
1717 2313
2296 997
3086 5789
3490 6376
4784 4900
473 9655
4115 9126
927 7489
3397 6545
1843 9582
3771 1528
5107 9366
3884 9607
4404 123
3558 908
2742 1449
2853 7297
4843 3406
4956 6223
2277 5267
3520 454
2580 3670
4941 6048
2481 7002
3664 6759
5188 1622
2110 1496
4150 3705
1978 3064
589 6733
1394 2760
2668 1559
3064 7116
1091 8194
1096 2661
3724 2851
3948 3966
3572 1808
1190 3498
3138 5165
5299 3320
1480 8091
373 3011
2450 5211
2382 4160
2262 9212
4802 3339
579 652
874 8158
725 4207
4070 5539
29 3812
4306 2079
1447 6764
885 7950
216 1988
3789 4284
2429 8583
4391 211
3861 3686
3707 4176
195 5584
4037 6171
3052 3478
795 5478
2444 3777
2303 3207
4317 5990
1713 6484
1485 5415
195 7752
5245 1830
5172 7837
5358 9597
3065 2903
767 2161
4146 9693
3964 5279
5014 436
2165 1433
166 944
5010 7916
431 9232
2105 7838
935 8543
1805 207
4697 4599
4156 490
3231 6201
253 2566
4574 6965
1655 6667
5641 6797
3976 2101
5573 9345
5421 1474
3863 1149
3002 9034
4709 4750
872 2133
570 5006
953 4651
2538 4003
3987 8909
777 8305
1447 8405
392 574
895 5099
4343 6330
3416 1735
5637 5104
183 7880
303 7948
4505 4653
4797 3375
4289 2245
3798 7060
3948 8626
2033 8029
3734 9220
3099 7759
4070 5230
3982 2189
4815 5073
5414 9266
2199 805
1086 6235
2054 1962
2387 5931
2239 975
4429 6685
5006 256
952 399
3259 43
654 3611
1561 9820
4377 9316
2825 7464
5346 5152
1160 8212
3687 6178
4301 5444
3010 87
3978 6927
806 9923
1577 9171
2568 5978
2938 9573
2684 3735
1870 3944
5309 1778
3420 6197
5530 3795
201 4198
4132 7063
5214 8961
3173 6463
2759 8244
1746 8652
1078 1979
468 9341
3044 4107
2778 7416
547 6262
2525 3233
2373 5454
4232 9022
4434 9488
761 5498
3813 1021
1687 1556
720 9756
3163 5892
5676 3495
4416 6456
2925 4099
5539 9528
5732 7599
4742 5010
5686 2392
1786 2779
4244 9785
0 9874
380 1755
4505 881
5461 3097
5687 1525
803 5459
3935 2417
5814 7351
97 2794
1421 2628
1860 4129
4106 7551
4110 2200
1733 9280
431 8422
4075 7024
6 8264
5070 1188
62 2912
2442 637
1418 7241
746 9015
1276 8660
1855 905
5782 3621
4559 4762
1981 4078
3377 9701
634 7761
4136 8818
1146 5405
5182 3243
1949 860
679 6114
5527 9514
4561 3476
3186 8493
5401 8430
833 4139
4355 610
2024 6518
2897 2227
2714 7481
5027 5551
104 3664
4645 8378
313 1581
3845 4330
2764 2971
3500 3569
3489 2640
5321 6341
2384 2678
1594 8945
1937 6606
3331 4649
2677 3596
5355 5932
3956 1827
5136 1231
1501 6387
4062 742
4577 5557
2749 2117
1422 4053
1416 6021
693 7760
1162 9137
3005 6042
380 6113
1501 556
5638 4403
1503 8170
1240 6095
1019 3800
3748 538
1322 5371
4868 3683
3428 4561
2804 5052
4676 6713
5411 6782
5725 1510
3595 3808
5476 4773
2488 6336
3528 7482
5679 3837
4312 7065
1337 1601
3573 8985
5477 1703
1400 9505
3213 1821
2605 3771
4895 1944
3555 6013
5243 9477
812 7271
2404 587
3875 7141
586 1690
5339 1100
1863 8461
3816 5386
3559 6313
3211 9225
688 9815
625 5502
4878 3572
3867 1196
2677 7658
5487 2423
5356 3932
1229 15
5276 5494
3784 3920
1941 6476
5435 531
1128 1093
1611 9917
4769 7035
5227 9624
4984 148
1979 8624
4451 3390
5620 5745
1987 6690
3350 6831
3184 3993
1364 7700
4739 9074
5798 2525
943 1250
5870 9575
3326 2435
517 7425
841 6150
1503 8708
2085 4211
4841 1117
2944 6879
2045 1997
2466 1698
5827 8233
4097 3436
3556 2836
340 5988
1499 7118
538 122
1584 8064
4716 7092
5447 8391
4044 2201
767 8136
1543 3197
413 2749
4941 7576
2716 8176
3193 1653
1252 8299
3612 8415
510 1365
5320 3761
2579 1022
2939 9865
480 9827
748 5819
3076 9298
2933 9025
3598 5738
1319 5828
85 7699
1549 7624
5614 8068
3545 3672
4943 8225
3001 7617
632 635
622 3317
2929 4384
523 1836
1264 4586
5415 5315
377 5556
1357 936
5079 7942
3253 3828
1007 5623
4340 7772
2691 8578
229 5206
4142 7217
5165 670
1649 1519
4689 6705
2926 5253
4364 6922
3392 2106
4311 8979
149 3602
2206 14
3888 822
5359 3707
3213 7367
1210 6369
4187 9198
1117 1831
3810 2099
2458 2844
4130 5929
3906 2633
452 5148
309 6970
3570 8764
5798 9020
2258 6770
4476 8869
3927 5295
405 7883
2962 1701
573 3779
4200 633
4690 3663
5666 7604
79 8478
1600 7704
4479 1401
1206 435
2339 1842
2519 1376
4248 5292
4301 6492
586 8808
5404 3301
4871 725
5546 2571
790 3129
3827 8758
4933 1882
2841 879
4943 2090
2376 1403
1631 396
2662 2261
2518 6343
4493 7074
4099 8913
2891 2927
2351 8648
647 962
2956 7278
5135 1381
5962 4790
1124 1919
1303 6104
6012 6529
3117 6909
965 9949
2718 2580
3907 76
5865 5630
5398 2399
3123 9630
5765 8699
29 8265
4020 1725
3504 3318
5652 6509
927 4472
2066 2625
3212 8283
2619 1446
2744 2270
409 3885
3758 3833
5899 6012
5723 3701
4639 9045
764 3867
1024 7052
522 7568
4921 1253
3326 8922
4235 6835
818 5615
3208 7994
2911 6367
5476 7421
4819 2787
975 5633
2295 2134
5979 5093
1940 6951
1547 8403
2275 5808
2265 2264
1604 7009
3551 1223
1238 4462
6091 6009
5523 8443
2577 7295
5557 4938
5587 871
4413 9279
1709 594
589 3586
4402 9889
18 5691
2883 213
4270 5669
164 4816
5695 2710
644 3274
2547 8432
3276 2998
3049 8813
5712 3020
1828 3504
2146 481
694 2358
4123 3674
1284 9765
5935 1140
2162 6234
229 344
5855 2765
2713 7113
2500 1533
3006 5820
2885 6382
2963 2159
5023 2097
232 1602
2615 1173
1429 5180
384 4644
4334 4150
5263 1547
2765 2883
1840 1255
2155 3775
4521 6730
3628 5804
4018 7925
2870 5861
3034 4486
2996 3733
5117 6837
5352 9557
2607 2105
5964 1428
1338 3749
1284 4694
186 5528
79 8201
1786 3737
5862 6925
4121 2940
2492 1126
3140 4616
4027 3154
350 3291
1277 2687
5983 7935
2821 9086
6160 8517
4315 5138
59 5893
3245 4328
6158 3124
6084 2546
4845 432
5822 3604
750 2391
4130 2136
191 2726
3493 8312
1242 2976
3187 5739
5475 1951
3714 5105
5256 8023
4779 4707
6166 8754
3981 4157
1662 3549
4166 6765
5148 6725
225 6969
2011 9849
3415 7721
3214 8495
356 6572
3476 2338
2363 8012
2093 1610
1826 6003
5713 4732
3123 1372
4490 7550
5421 5977
5102 5544
1901 7967
1943 8045
1680 9110
6164 3128
1001 8709
6197 680
1171 4054
2861 4566
2966 9395
1261 1229
3714 7898
1878 4360
3302 2026
3581 5980
5158 6971
5326 8177
5426 6471
6082 6084
2807 4376
836 4028
1672 8510
1274 169
3295 434
4069 1088
1186 4224
1513 2463
2212 7565
3359 2003
536 1313
5265 4015
5065 5089
3946 808
4477 1160
3098 4570
3883 2265
4482 5430
3504 9589
5317 7703
1683 5868
1033 5432
2422 5247
3693 3665
2392 2291
4826 1083
2624 6881
2211 1413
2065 8743
2315 9228
5854 7642
2829 9978
2663 9822
5236 5130
4091 5078
738 3644
5444 499
725 446
4715 558
4958 843
2510 4968
3816 7490
4923 3992
895 5480
4814 6022
2725 6796
2365 699
5998 7929
613 6147
862 6273
152 6703
1895 9591
5728 7058
1771 1041
5957 4673
1750 7578
1509 3358
32 1468
1901 7323
1016 3007
1203 5337
2371 2972
1907 3760
5026 7162
4308 5377
490 7961
646 9315
834 2514
2447 4026
2197 3209
298 5920
4007 987
4894 9480
5135 9103
5746 1994
4305 4497
5108 2043
3953 9376
6060 3004
4823 3073
5157 4029
4261 1798
1504 1930
1597 311
4995 6318
2000 1788
4850 4188
492 7166
5245 7443
5250 9069
5761 3656
5078 1246
3651 1301
880 948
1523 8633
1399 3832
6266 3958
256 3709
2553 1309
2912 6443
6203 5725
5775 9496
664 2173
3033 8230
4389 3743
3508 7733
4645 3458
4964 775
5424 412
1810 7795
531 3005
4951 1504
1516 5043
3742 1662
122 3647
4839 8812
3062 1619
1108 9216
391 1738
1475 2964
2191 581
4372 6344
656 4133
1159 4272
2746 5813
287 645
3152 3807
2656 4432
4680 1560
900 7572
3633 735
5637 5759
5309 9704
205 5113
427 3397
5473 9592
1829 4943
4619 3125
5657 757
1985 565
3770 3420
5552 5987
658 4632
2548 1158
5585 3365
5911 4375
5245 1045
2344 2929
5458 9142
381 8306
1442 6576
3153 8559
3539 398
1049 6353
2333 5036
1809 1675
6019 3517
848 3608
631 9908
5925 9969
1595 7244
1607 7031
3344 5124
1465 1263
1901 5326
1720 1087
898 6213
2022 2705
2816 3979
3351 8745
5210 6224
897 8412
392 4917
1572 2879
6424 7356
4546 931
6056 946
1123 9807
6250 322
1492 9375
1434 8859
3387 4536
2207 9991
5899 1444
102 1341
3300 6902
4567 2629
5712 1454
5872 4264
5326 1107
1654 3921
4484 1013
2103 7498
4067 7566
5105 8203
1078 9404
4114 6363
525 5487
2587 2314
5400 695
4726 9322
3227 4181
5059 7494
38 8521
5935 5864
2680 5025
2224 9925
1130 2377
1031 1895
6042 6534
6357 980
4340 643
4204 5227
3231 1855
4283 9109
403 5000
5250 6841
3284 9687
4503 7225
2525 4699
4250 2718
1696 6173
2315 414
4049 231
5465 8413
2804 2785
184 6400
4116 5437
3593 3473
662 2819
3097 5524
3428 2272
6373 6661
1889 7719
4991 2919
4489 4690
5442 2181
401 9696
6439 6861
3930 7531
5688 5963
4008 362
1965 3023
3802 1448
1592 6122
1603 9056
3398 2325
637 228
4472 870
855 3014
5711 6762
2864 1479
3188 6990
1486 7194
4068 3919
2812 2977
3111 3507
3623 6175
864 4535
3047 1674
2292 1723
2496 5220
4291 8678
1395 3334
2661 3971
6117 2114
4978 1417
6194 6832
2895 2112
2109 8352
5978 4163
5320 760
3506 1237
3307 3762
6436 7324
276 9872
6104 5783
6394 4654
3403 579
4756 795
3644 5092
6233 8297
5463 758
5128 9682
1830 8296
3866 8506
3953 9802
6428 2757
230 7160
5390 1866
3644 2589
5744 7638
1226 6871
169 4165
4872 7668
2257 7400
531 9855
2577 6536
3835 7040
3710 4620
703 4663
109 7242
5913 2561
4810 6005
3551 6162
1459 1133
4250 3931
2254 5560
5362 3594
2071 6386
3949 2449
4054 4640
3292 7878
2615 5046
542 720
814 3702
103 4888
1859 9335
3802 3826
5794 153
2512 2852
1933 5399
226 7820
5963 8079
3322 6724
4654 4448
1141 6490
5588 3001
1030 9127
4856 8325
4112 36
4432 218
1918 285
4605 4996
5911 8587
19 9097
2755 886
1615 8046
4322 1668
3034 6743
2108 1985
5399 2107
5566 6176
2743 1350
1667 8595
5039 8966
4709 1187
2841 6040
339 9371
3082 3974
5907 3432
2841 4947
1922 8888
1677 8845
3333 5136
1478 6631
1607 6438
4166 4724
3587 8389
4141 9029
1396 4549
2110 7044
6101 1536
3500 5269
1389 3613
3545 7683
6494 1153
4923 8775
3637 2225
3941 7862
464 7868
4432 8965
5464 3446
2467 1145
4166 9644
3672 965
6371 6198
3608 5594
2101 7478
1706 4393
285 559
1168 9307
5550 4116
3641 1626
2620 5748
1410 8190
1831 9162
5622 4780
5010 7941
4026 2544
861 1829
4947 8218
5595 8732
2849 519
4939 6251
5691 7790
2506 5953
3873 2683
4239 3949
1585 3860
1965 2956
2908 5705
1353 7033
6550 2516
2709 1053
2825 5503
3095 9111
106 7689
3945 2068
3989 5661
291 6587
538 3336
2336 3166
1855 1080
68 8839
877 5447
5304 4647
1374 1419
1478 4
3839 5091
51 3718
3867 1359
609 5790
3589 3562
3334 2439
4586 480
28 4288
3720 1132
4771 9916
4245 8364
5210 1846
1338 1991
4222 5683
3535 7818
701 3711
4053 7195
5837 5581
5384 6614
1230 1527
3319 3032
5915 5491
1789 7930
2071 1293
18 6169
4516 6719
6069 3477
4454 5135
3805 9367
5082 7326
6058 693
908 3201
6177 5970
4534 3729
4864 9712
6667 5275
2866 7512
380 8702
610 9595
5884 8882
623 6894
6709 9449
4001 526
5290 4261
4966 5317
1284 3199
2939 2512
73 2249
312 1992
1500 1515
6345 9479
5467 7513
3144 510
4727 6435
6525 1276
3277 5585
2783 1460
5429 7208
3028 7105
3949 8100
4670 5755
1103 679
1499 3933
2698 7957
2650 6285
2598 6288
4588 5465
711 1090
2523 3383
3760 1503
2019 1434
3674 117
4308 9577
6531 7911
2276 6199
6103 9077
4664 8115
6666 4555
1727 973
2634 978
575 7339
2400 2666
1675 9757
4947 6408
2002 4350
4057 8088
4539 6184
6668 1430
819 1256
131 5877
542 5624
6261 5641
5177 2737
3526 1212
3512 1775
6083 4531
1569 6602
2152 1469
2327 7952
2471 1136
3919 2304
1949 2688
3935 856
1910 2859
4561 6414
2643 3652
2780 4322
4076 969
6691 1530
6511 4216
6765 7789
5845 82
1522 5886
5480 3093
567 5169
5446 2845
1732 3700
1357 3253
2896 5041
5859 2943
3808 5018
145 1339
487 8096
5574 471
203 7893
3341 120
3807 4757
2301 9832
3319 4990
1477 7722
2129 7561
6386 9847
2275 8465
939 9033
2261 4329
1342 4048
1540 3978
5187 4269
4876 5966
818 7329
6501 5268
2743 1148
5596 5563
408 650
3525 8464
5909 7280
3234 4383
4457 5223
3098 3134
6086 2447
242 3969
2889 9870
5394 9081
5525 9167
4139 1168
2274 4190
163 2337
5960 5782
3997 8768
2354 3422
3185 4777
500 1424
6567 9572
857 4748
5230 2717
6782 9251
5884 8951
1505 9112
770 5387
2828 8246
5307 2924
2255 1487
1338 4357
3275 6626
2353 6750
1447 7393
1292 5411
404 4987
1774 1970
6661 1458
3418 2088
3496 4008
3290 8617
5260 6958
3755 8216
5130 8890
1679 5351
1366 857
3147 1176
939 7275
1450 9079
6504 6681
6096 9811
5450 1092
2033 6607
199 2108
968 3235
129 9768
4206 5190
5489 4615
5957 6662
3874 4501
1555 6270
5687 1409
1082 1467
4138 6464
2379 6296
834 6761
4620 3245
4988 39
3734 677
2516 3069
5529 3897
1979 1634
1793 1967
3576 6028
5785 2263
2781 9243
1154 5689
1462 8027
5043 4786
5342 4768
85 4500
6434 4180
672 9299
6819 3094
4336 4798
3094 3082
6851 2642
4202 4027
2032 2254
3465 2769
4018 8108
1898 761
4224 4706
5551 5650
5419 5675
6781 9043
2198 8929
2705 9737
1607 8301
1280 9222
3719 5380
3380 4657
5845 1114
4386 4572
5961 2152
2949 4931
6558 7281
6263 6929
4173 3331
1746 9656
2807 2715
4685 4419
6618 2092
5586 7427
3534 2015
103 6752
302 1283
6382 2973
549 1287
3396 8120
3224 3923
6719 9499
3890 7693
4053 5075
301 6805
6417 3512
3531 9437
1794 4220
872 7946
2828 8241
5799 2815
448 9000
3030 6253
1827 698
484 3987
755 9323
3010 9440
6475 6658
2919 7846
2802 9208
6811 595
1713 3968
1084 3835
4149 8245
3048 9787
2392 8220
4832 7021
2114 3861
1629 1632
678 8972
4596 9044
3675 4801
2440 6693
6049 7252
5035 5009
4255 1880
4501 1593
653 3227
5587 667
2483 5976
1929 2899
2624 1150
849 803
610 671
2571 994
3249 401
4669 8200
1536 6521
5989 2426
6346 8038
5059 3289
5388 6834
2018 3357
5613 2569
4392 787
2689 6468
2753 3113
2920 7097
5454 4000
6284 2037
1656 1214
4930 1862
73 3147
5089 1305
3977 8505
2989 101
2058 6821
4440 5490
2498 1745
489 606
6389 1620
2688 2648
3215 2398
3422 5101
4552 7462
6205 8237
128 161
3259 7932
1681 7741
2290 5146
6468 7926
3395 2528
1307 2870
4297 7127
5873 5950
3859 4758
2342 8161
2599 9506
6424 9918
202 2588
4293 4002
2927 8351
785 1385
3003 8594
5660 4184
2760 2380
4731 5226
6734 1119
57 7830
2457 3910
4144 7158
2276 8982
6479 8894
4659 5170
2123 813
1669 7426
4029 8884
5950 7
5256 9884
2194 3009
4901 673
6074 6331
2862 7509
5760 3753
1063 1389
5247 4105
6506 7131
702 6196
2235 7215
4544 8791
6893 4753
7001 1471
4420 895
1753 8258
1824 7429
5395 9318
5412 3894
4225 874
3458 7360
430 474
2219 1271
2056 1512
3804 511
1915 9490
6312 2894
1910 9362
956 3843
731 7939
5639 8171
3641 8811
6106 4275
4121 7402
1073 3899
4869 8843
128 8918
3069 295
5674 2782
4897 3957
6369 5512
5890 3057
6760 706
4034 5627
841 4435
2052 621
6081 4772
4337 1202
2754 6557
1495 1900
4427 6551
2926 5022
5013 9824
3845 7786
3826 9817
778 3955
6201 8157
2591 1514
79 124
1035 3114
864 6182
5707 9274
2584 5311
2687 4908
5876 8782
3119 5802
1240 7008
1865 1175
1989 6893
4255 5566
2730 9031
6729 269
4380 2706
3110 2938
587 5553
248 187
4984 2354
6459 970
765 2659
96 5695
5105 1567
6621 3141
3138 6481
5295 1464
2482 7455
2100 9692
1620 8243
5309 799
581 9642
1378 4877
6373 793
6069 293
2085 3687
2162 3380
3883 6350
29 8685
5888 9828
4983 5472
1753 8338
6558 301
3580 5034
6870 6218
474 9461
3047 5464
5699 4963
4055 3849
4987 1416
2455 3578
2901 3394
1964 4362
7012 4423
6738 2082
1854 1378
2585 9875
1553 1405
3712 9773
5736 3161
3289 4982
1946 4108
4350 790
2113 9610
2783 8694
5314 8318
5337 8486
3817 4283
2137 9270
4454 9413
6376 5979
1223 4608
660 8874
601 8059
2508 2390
107 4792
5012 6586
5053 1885
2310 1635
5540 1317
2482 6904
3279 7414
2875 605
3894 2606
5192 3703
5314 3915
6269 8107
771 8033
1053 1809
2484 3183
6802 8612
3732 1752
4816 70
5039 3119
3644 4023
1070 4377
443 8900
1 9703
1816 3456
743 3605
6437 2372
2048 1907
2879 9450
205 686
6232 1888
3284 6284
351 9091
257 1706
2908 65
6191 3457
2176 2053
6435 2703
961 5906
2097 7629
90 6715
2106 3298
1925 4069
1304 749
730 6112
732 6045
1251 8975
5095 1000
2522 722
5436 8371
1570 2065
1609 2685
1219 7109
4926 9006
4125 3374
2918 7449
3290 4076
2632 421
4723 3042
6538 3988
4473 5475
1017 8711
4429 2497
783 1077
4851 3991
1999 310
6769 8267
1937 7670
6980 5559
4206 5644
4155 7073
5451 9385
3190 4559
1076 8994
6294 5770
5382 6105
1300 395
6203 824
4667 6528
4455 5554
24 1750
1286 1513
2111 9683
4381 4186
1817 6648
1290 2172
2427 2712
6413 2024
7136 859
2874 5438
1375 7698
6055 8609
5433 1197
5638 2885
6075 576
4161 6933
4549 1661
6207 7269
5328 4456
4722 1881
5512 2009
5257 9622
6348 3778
5463 5845
1891 2361
6056 6842
3283 1612
6523 3972
5654 7767
4813 5059
5274 5928
4332 7504
503 8953
3995 1226
2494 7816
1904 5865
990 6024
5052 5718
3834 2716
1587 3925
5446 5727
1235 8539
7112 9118
5200 4605
5835 6144
1021 8131
6686 4371
2922 459
2036 4656
7073 5042
2778 7433
6195 8779
4780 182
7252 6067
5107 9885
840 2446
800 8387
5264 5919
2825 8483
6168 28
267 126
4300 5495
5651 501
7166 1987
6169 8738
6117 3852
2757 3854
2030 1112
2889 5921
7200 666
2343 9958
3407 1139
5932 5139
5257 7005
1156 3606
4216 8875
339 3528
4514 7887
2327 8697
1650 273
3836 8959
6931 4521
6874 8576
81 794
719 9542
3287 7082
2160 489
5150 9999
4165 3083
3752 2974
235 5359
4740 9050
2833 2220
2739 7293
53 7294
3086 8400
1812 4498
552 7840
6003 6010
2313 4436
609 3805
4051 1545
1134 5866
1396 1861
32 3850
5244 8581
2974 1244
2834 5407
3893 403
17 6546
2919 3077
5346 2804
7189 3109
1439 3509
2344 4063
6389 6156
838 7546
6760 3754
2709 3791
2305 9601
874 7976
2454 4179
3270 7661
5194 5897
3996 6630
7031 9984
798 5299
2415 7344
6470 6911
3792 2205
6987 6261
1986 2921
1371 2696
11 2287
317 1789
5072 4831
2656 483
2820 8995
1531 4604
7318 8927
286 2858
4151 2519
6237 2085
5212 9627
957 1084
5992 339
4946 64
103 2484
1307 9090
3107 6643
1752 6836
1557 5701
3217 4927
601 4173
2206 1837
6048 5245
647 7583
4735 9465
4864 3206
2202 4820
4840 183
5824 7129
4301 9403
3723 3880
1277 4252
5226 159
1527 9930
6027 5088
3637 618
2039 9055
1879 8666
6939 1370
92 405
6258 306
2430 1335
4150 2978
2435 615
5239 91
6988 8128
5977 4409
3372 7715
41 2444
6782 2195
6811 2816
1001 952
1411 333
3710 6688
4760 205
1495 7956
2695 9042
4364 9904
3179 2727
6762 7446
6225 3385
4677 6711
3949 9485
1670 8381
2487 3430
391 303
3396 8117
6236 6714
3503 1721
2416 6291
1353 6120
3482 6226
5118 2289
1905 3540
1547 4684
2596 6011
6120 5667
2052 662
2847 616
1055 4539
5816 6433
6762 7763
438 8571
3079 9900
5768 597
7243 7371
2906 2626
2437 2359
7374 1127
6801 7560
6756 1711
5815 1669
3694 4523
811 6896
5312 9139
566 4679
5654 2620
5049 9414
587 9968
6901 1032
3138 4338
5796 4130
5529 7870
3392 5221
7094 8388
3953 8440
1977 1575
4416 3977
3545 1557
5831 1349
7247 1104
6714 7679
3335 5123
5101 1333
2970 7101
6382 6567
5523 2329
5463 9417
4306 9646
530 3679
4962 7835
1228 6775
3047 6941
4473 3281
1544 2244
3352 3902
21 8645
3739 738
7380 6000
2136 1686
4206 1695
5103 2048
4540 5232
5198 7791
6124 7232
5752 8675
5735 3052
202 9434
4178 5376
2259 830
1780 5841
3730 5536
4594 5862
2796 3912
5987 7750
5650 6938
6959 3200
7384 4855
1657 298
2801 5200
314 1382
2174 3809
1291 7205
6451 4021
3477 4286
2886 3506
1424 907
5208 4829
6647 1670
6493 9502
4734 3758
3221 2958
6088 1844
7373 3306
3963 3624
3463 9076
4806 9636
2604 5218
5279 2450
6127 3283
5160 6625
5796 5050
1861 55
3825 4813
7096 9227
3243 9207
4756 3614
5893 439
6401 5773
1821 1115
4689 7858
857 5837
5431 7053
1681 747
4783 3766
2118 9265
3878 3132
162 2876
2234 885
4416 8868
6345 6282
3929 1856
1785 8207
285 9430
4057 7189
7179 100
7222 4291
5831 2084
4407 345
5838 6926
881 9230
5551 5413
3935 9939
1958 5534
5604 4052
3063 8001
6027 9429
3359 2575
5810 4241
5017 3558
4313 7738
7512 2316
1977 197
4355 7358
4927 6193
71 5869
5589 7373
3780 6445
749 9651
2238 1236
174 4293
4280 8153
5466 6298
7369 7199
1096 7067
4633 411
5931 7094
3134 4208
2208 4068
5952 3600
3010 8251
4204 4302
7321 4611
1678 8058
601 178
2651 9508
3998 6504
1199 8156
7167 6130
5341 1374
6960 4739
2335 3616
6032 5521
2789 7030
1348 9816
1290 9254
1301 9873
1352 3570
3453 9893
2362 7049
395 8713
7142 4289
1732 5378
4455 6479
1916 1815
58 5983
1769 2242
672 598
3951 2321
782 4260
2990 6697
4034 3487
1575 4100
4648 8165
1590 1404
5738 9355
271 4290
2773 9444
3136 8024
2753 1555
1410 4526
1253 9668
5636 2674
1877 4634
3277 9780
497 1697
4195 3658
6916 9631
6942 263
15 5810
231 3040
6340 8870
5143 6575
1917 3341
7444 4416
2156 3981
3115 4731
1628 6063
2041 2376
4296 536
7314 5724
4162 7620
213 7682
7644 1647
2655 2305
5964 2547
4617 4588
1140 83
6319 47
3123 7107
7510 9818
6329 5890
6980 451
416 5632
6013 8342
1421 7533
6691 2882
439 6982
2613 9150
4375 3127
5400 1342
1958 3546
5533 9843
3621 1225
2196 5272
6098 488
5312 6696
275 5
2770 3237
2680 5592
2881 6372
3797 9774
7042 2610
6725 9245
6083 8380
5921 2676
735 3819
6787 1318
1819 8293
3390 9593
5441 9848
2149 2576
2869 4110
5175 3033
2031 3501
1651 1609
3464 7526
5948 9381
3357 5620
650 1204
1913 9311
2292 3121
3266 8509
5726 4742
1984 4192
6869 7597
3267 578
2314 5664
7131 4504
3420 198
6850 3305
6483 919
2443 4148
3883 2766
7056 8345
1755 2128
4540 3262
3945 9122
3007 2007
4706 5132
7461 8221
2723 8103
6169 4980
5552 6236
1365 3079
6214 1649
6106 9149
3675 2149
5330 6154
2991 6453
6341 6474
1508 3651
3116 5484
7203 1049
7611 8463
3688 528
116 3379
3534 2553
5770 1337
4135 6366
6174 5752
3479 2415
5285 552
4053 38
2824 6704
1026 1500
6298 4718
1173 4413
2966 5903
7377 4158
2193 1909
5398 6921
1528 6824
5516 1431
2523 5449
6381 331
1469 8386
3999 3648
4135 4041
6993 4669
2287 3137
845 7465
6022 9263
6119 1353
5999 8282
3206 4964
6766 5645
1015 1679
373 6783
2526 4687
2530 572
2883 5240
3954 2155
2995 4114
6716 6790
4790 7626
1568 9869
6751 5103
5045 8671
895 8525
2660 9931
7043 5889
6388 6279
6137 5318
2386 3989
1418 8193
106 6141
5404 8382
4656 3815
1657 7328
4193 2995
2404 4674
1189 3868
3719 9734
6455 5172
1123 3962
279 3550
1283 647
6021 1747
4245 967
6333 1943
5677 1089
1869 4727
3960 2300
4278 5840
3063 3484
660 922
2949 3285
6597 1857
2035 7782
2082 2076
5999 5332
2378 7618
948 2867
2191 5431
3400 9492
5117 478
6443 7051
1955 8650
5027 6710
6909 3879
610 8124
5142 3618
6732 9123
7457 1191
6937 2623
2347 9301
7700 9851
4658 6819
4298 7488
5490 9190
3179 8668
156 4243
2289 7778
7596 2563
953 3402
1232 9992
4234 1722
7385 1941
2767 513
2204 8330
3321 8160
6542 2034
1748 9462
3220 9136
3310 8112
1858 5280
7303 5368
4131 2847
6501 6766
1729 1118
1065 9673
7109 8792
2348 6118
952 4914
2201 2900
2041 4730
6730 4132
7076 7802
4811 219
2657 3874
4176 2434
2670 8757
3509 8971
6551 7696
1723 8573
1442 2174
5763 2063
7611 3685
6855 6304
2548 514
3433 2747
5547 7600
782 1122
4079 4017
3201 2609
7756 8315
5260 3903
7530 2093
6813 9586
2985 4385
4380 6784
7482 9468
3143 1218
6783 7542
3965 2160
3 9119
1241 1258
4994 1949
6043 1164
5278 3174
5150 5799
5582 4421
1936 3557
637 119
1978 1143
590 4602
1930 5940
4664 5356
572 3770
1842 1377
7274 924
6975 8878
3327 772
4838 4458
4309 492
6298 1230
1875 5900
6903 3756
2162 6274
1818 2520
2180 6637
5195 608
1556 8355
6143 6540
3755 8762
7770 7784
3697 5346
1338 5012
2489 5142
7915 5696
6023 4389
55 4364
6675 4459
4924 2365
6374 3820
3385 9481
6735 2627
119 8821
5330 1254
2720 2529
3911 6917
7223 2279
33 7813
1216 4151
367 3681
4085 7539
1576 8104
6325 7485
5641 4488
178 7307
195 1012
4622 2965
3861 5673
5832 8039
2517 8672
6623 1543
3751 6358
2196 9771
6852 4073
3473 3533
5054 6495
6562 6337
5211 3314
2091 8556
5669 8060
1924 2922
2282 8727
865 7788
6062 683
7724 4802
6530 500
3029 851
2531 9389
7173 9108
2090 391
876 6876
6329 4997
1491 4255
7575 2273
2387 8228
1297 5564
558 3271
7601 6878
6329 7960
7685 5728
6438 6374
494 8907
301 4805
5283 2028
668 5946
7132 6368
4216 2681
1600 591
5300 7090
3765 3524
5472 9255
2437 4710
4991 2944
7001 8932
1650 5666
5859 3864
7536 3347
3996 1251
4011 7718
6342 6517
3330 4737
4169 1057
2773 4482
347 5063
7084 8113
7103 3626
5702 3068
3394 7155
179 9789
6948 7286
218 2364
5094 1082
1129 8066
4360 1743
2124 1102
1278 1592
2849 9428
7657 869
8005 588
3712 9621
4870 5805
6187 2835
5506 1652
1113 3152
5565 4949
3618 2228
3460 9736
6382 6462
3958 4317
504 3426
2399 8857
169 2731
2645 8098
3852 3343
596 1304
357 9957
6450 433
4792 4760
7771 2229
3359 7152
4956 2800
4565 2025
315 9800
7570 7451
820 8399
1828 9541
4836 5824
4527 3035
4593 3669
25 5159
7099 3353
7785 8010
3816 4554
3954 3526
4993 995
899 9657
3460 9331
306 1685
1324 2427
1413 1502
2790 3488
3339 4477
3599 2530
4912 3934
5161 5115
3454 3329
2409 1584
2837 7389
29 3961
353 2777
1129 1346
4880 9365
5538 9561
8079 8303
3300 6281
135 8003
7669 5214
2404 7608
7816 5910
4614 9185
3641 3311
5628 2168
1992 3296
7484 4603
4204 9373
7433 7601
1086 5639
2211 2906
5354 3198
813 3344
2393 9032
7227 6053
551 6370
5810 9876
7712 1364
624 165
5060 7340
5699 1874
1194 5535
4678 13
6964 9564
4282 2826
4709 9219
3954 7628
7602 4344
7938 6133
2635 7119
7971 8992
4735 2536
2233 7239
5580 2252
7852 1116
5989 418
1572 5529
2398 4502
24 9571
3532 2051
7679 49
5945 648
836 7963
467 1205
1917 4424
6675 6826
925 8050
4720 3581
8063 5238
5146 7365
4733 9694
6513 3914
2017 6908
1379 534
5890 5416
4710 9525
7531 2857
4265 1310
7884 209
7309 5965
2901 1968
4037 3763
7499 2911
3690 7153
4959 3617
4099 5896
1918 4496
2950 4491
7441 9038
848 3496
8007 3192
5710 6041
2067 1517
6468 9276
5148 8290
4097 7019
7352 2985
3691 9068
6877 9994
7066 8742
7411 6563
6774 5599
3832 3310
4361 7809
2365 9748
608 1166
1099 6050
6459 255
2953 800
3197 9188
3899 2062
2530 6949
5541 1696
5983 485
6161 1583
3977 9666
2152 3582
4896 8142
1403 926
5350 7409
7792 612
6252 373
565 780
2982 6732
5892 5652
5634 3980
7204 8715
3629 4920
4226 323
1831 5210
3318 4056
3285 9782
3556 7038
7941 8901
3487 9932
5373 59
1204 8256
3759 1978
5196 6527
2143 4708
2882 4994
2443 1398
776 4563
5959 8824
3111 3896
5470 9705
7082 2162
3471 283
7685 9104
5694 5888
7979 1347
2822 409
6798 4541
378 6307
392 840
3162 1332
5543 402
5902 2049
189 6859
3824 5531
3920 8938
2910 1418
7465 3304
6120 4878
5825 5473
343 2292
4109 4885
4701 3625
359 5602
3709 4971
3597 5458
2426 5147
2037 95
648 5058
6059 7589
7430 5111
2486 8879
4475 7404
5310 6532
6551 1201
4889 2156
6607 912
2616 1215
635 2993
2468 4466
6347 3332
3329 1598
2181 5030
2574 2198
6960 4544
7419 810
3347 5541
1411 2443
610 9017
1730 4167
6700 157
7080 7314
4853 4709
2968 1348
6535 9121
2172 9028
157 140
7535 9321
6486 234
4778 3959
1854 5328
5794 6736
7402 5153
7447 7411
2299 6373
1520 9914
2936 7958
6744 7945
6854 9606
69 8778
5430 4907
670 1159
495 8504
4395 7084
2490 410
3187 7224
7524 9165
556 5452
4043 3935
6762 2408
1535 8981
949 17
4872 2833
7545 9129
7967 8488
5327 6440
7636 1461
2804 2002
5306 3741
2367 9661
7442 9964
4790 245
3487 4671
6969 4319
2792 9277
3372 7027
5005 5943
4446 7193
6768 2968
1252 7301
3859 636
8140 6221
577 2934
871 9746
5405 6746
6571 9764
5956 3391
6103 3325
7973 3258
379 7499
7133 1605
4143 8925
5196 4325
1477 8558
2738 6853
5144 1890
3616 7313
4176 878
5990 3146
6173 1733
3481 6161
5237 7240
3701 5045
7367 6937
6142 2597
7215 5914
7668 1203
2674 7521
4033 2460
4320 8730
2307 4182
2558 5382
5999 6652
1108 8308
3531 5429
5411 8307
8045 1327
6061 9344
2800 3548
5027 2830
7974 6404
6323 6600
2767 9281
8304 9041
434 1805
6007 3437
193 7436
6510 6403
4219 8268
4733 1399
2550 4014
7639 6672
5534 9839
6691 7713
7529 8756
5087 5597
8305 6676
6228 5839
6765 1302
6038 8926
1424 4935
1271 7794
6190 5007
2912 4253
4784 5610
4899 9866
1683 4819
4748 3671
85 9635
1967 4443
3117 1981
3140 7912
3960 7857
3848 8397
414 6833
1596 5939
7488 8328
5756 9795
1401 1650
1137 3277
1985 748
3090 9813
5810 2690
6797 1655
3590 3256
5335 4701
1030 939
7973 4487
2584 5128
2416 2487
7722 1425
2462 7977
4227 2641
1790 3276
4315 343
5417 8401
8383 3215
297 8646
7474 6897
5483 3012
4247 2346
7471 5569
3624 5518
7464 5956
7192 3866
2273 6100
2747 8427
2605 570
167 9253
1967 9738
3772 5833
7523 2240
4506 6798
2153 4703
4964 6739
7950 6242
3460 4049
1767 3783
3475 6039
1300 726
3352 745
6177 916
6943 3595
5498 4740
6355 2327
7471 2587
2089 917
94 2281
2167 6006
6597 2280
2757 278
6491 1368
4139 7454
6842 5205
6714 656
862 7401
4473 9522
5992 3061
3510 4059
1854 3203
3793 719
4878 709
5501 4650
4462 6645
6580 9380
6760 4842
5529 4016
1120 1542
3510 4323
3831 5737
5260 8531
2034 3527
7219 9125
8141 4429
7644 2989
4797 3929
8211 5781
4107 8920
7623 4623
786 4763
848 320
7708 4401
21 8466
7953 8247
6420 2955
3313 2457
7246 1321
6931 225
5474 2241
2408 9418
8014 3583
4766 4974
4940 9486
7401 7412
1117 8132
3649 7260
7757 2914
4138 4142
5498 9888
5223 5028
3160 7318
6848 7747
150 121
320 2679
3986 930
5357 4209
5307 307
449 8560
7791 2430
3278 9493
3365 2246
7360 9217
6814 4262
2019 6214
5325 4013
1368 1853
2258 4122
7934 2740
7613 7108
2813 2471
5292 2330
8015 4728
5660 4335
3548 2567
3509 3293
8225 5335
6238 2381
3816 9451
5558 976
2384 715
8392 6814
8194 8367
6528 546
5776 4391
4813 1079
3587 7992
2742 1005
2854 5533
7647 3292
3023 9803
4042 9084
4080 1849
170 6756
1341 2214
31 8019
2751 4194
1654 4529
6345 2908
7039 7847
2021 3036
6044 1761
2444 5374
3756 3543
4737 3538
5078 3720
7345 5310
5054 8644
1223 4060
3208 7265
275 42
5452 259
1531 6429
552 6513
6658 7677
5013 5354
5468 8629
8289 8653
1032 8262
2174 137
6000 3188
4218 1387
6742 563
3633 6778
4943 7445
1109 6470
6553 823
2512 4213
3823 8278
1518 4395
6505 2880
1708 9116
7906 575
4455 9717
8377 4470
2255 7999
5390 3886
2781 6794
4283 3157
1266 1730
7650 7514
6517 3307
394 786
6916 7744
8 8737
2300 5453
31 9368
6257 4164
6196 1573
3062 1954
8481 8004
347 8763
8575 7352
1807 2125
1011 5948
5858 4600
5631 9772
7424 8083
5452 4064
7137 6148
643 7923
156 4287
7323 6222
6777 5419
2443 4537
4412 268
3861 4729
4042 3058
4563 2738
6906 8584
686 1570
8449 8146
933 3901
4480 4788
7341 7817
3540 4712
6536 9030
2110 5122
2244 1940
1743 7602
3445 136
1437 6827
1844 4756
481 112
6321 2232
3730 44
1582 6934
5819 3019
4524 1712
6894 9972
732 8943
4493 4579
4326 5151
3718 7374
7002 1656
6676 942
8451 1035
1509 6406
6159 3158
4522 5370
2030 941
2768 631
3626 7971
7062 4944
2781 5339
631 9937
8135 6497
4260 7264
6119 3210
2705 2820
5363 6561
4236 2351
6609 5766
6584 3118
4935 2126
5688 8123
4596 689
4112 9273
5372 6190
711 9446
5762 4239
56 8767
5741 3641
6449 1379
782 1423
3252 7876
5167 5730
8460 5288
3862 6219
124 173
6722 4354
4325 6549
5736 9292
7920 8625
6265 181
5957 798
3671 9012
7263 5434
4286 9469
8663 4367
5890 2560
8680 2923
5632 8714
5643 1123
6600 4352
4392 6037
2999 9221
523 9330
6651 7653
7608 6882
6925 1521
6878 8349
7907 989
7862 5258
5019 3759
3465 7746
681 4530
6924 767
8307 5942
6762 7430
2147 3163
5726 5023
3245 8838
2380 8899
7807 2866
914 2763
3890 2493
7668 6348
3544 4055
7698 6811
3172 3148
2123 7151
3785 2424
3868 8376
599 8043
7670 8607
5930 5004
6227 9952
2811 9744
118 1572
6273 7663
7875 7920
88 9161
8304 6888
901 8563
2142 600
2719 3337
1651 468
298 330
5957 2542
7695 4533
5665 8155
1014 1935
5835 9353
547 609
4914 3313
266 6121
2055 3003
5272 4884
2261 9334
5393 8014
8717 3842
1499 8393
7885 3254
5107 8319
7329 9256
8689 5698
6559 5761
709 7936
2201 8924
5835 766
1713 260
1052 8790
7749 9178
8587 8911
4852 1920
993 9063
5410 3970
8482 4979
6843 2926
3757 1240
1744 2035
4105 9494
8061 5087
8227 6323
8215 3996
4326 7384
3685 5117
8374 659
7814 7341
6458 5971
8750 5682
441 7879
2294 3101
6642 241
1460 6845
5831 1607
7428 4540
6194 929
3626 4452
5086 2250
5964 7751
4275 682
2307 4426
4744 2157
2806 3797
1612 214
4145 791
1805 771
385 5961
5651 759
3031 7104
5696 6246
6411 9319
8001 8978
139 8931
356 2801
3762 5923
5641 3410
6594 7648
5530 2066
1180 4661
884 6085
2320 8446
6294 379
4031 6311
8125 4244
7754 2743
3001 5707
4783 3218
8150 1142
4326 3603
8764 5094
2341 3251
6346 3695
1701 4904
1787 3384
3226 6496
6895 4206
4936 5843
1703 4870
3545 4665
5048 5260
5412 457
3304 1894
5114 8798
7444 6019
2816 1429
3613 2468
3366 4856
2687 9791
63 4397
288 7519
7893 5714
7756 2783
6428 8823
5177 2592
5479 1566
6004 746
1614 6035
4291 4991
1906 6308
8495 862
3607 6128
7815 381
3851 8326
7633 5068
6586 2948
5648 4473
4323 7522
3495 8017
83 9579
7631 752
6529 3279
5146 8597
610 685
2205 1329
6671 7901
3261 8892
3484 2185
5536 4084
1802 7135
259 6931
5621 9691
5586 9071
1704 3106
5093 4591
3241 4587
2832 3443
5549 8537
7010 4925
522 5239
1877 5800
7632 3465
3677 6866
5700 8937
7811 8804
3735 8067
8600 5997
8324 33
3392 8496
1811 4137
7692 5697
3294 1184
6219 646
6550 1485
8809 9133
3263 8631
2004 442
1379 2635
3248 7774
6259 5872
817 933
2205 8998
6431 8417
2681 7822
198 1717
8185 4755
1418 1588
3829 4835
5315 7979
697 9283
8126 9760
2003 9075
1146 788
58 8569
3654 6962
8695 1036
873 8936
7283 1308
1620 3715
385 3278
524 2823
3149 8192
3614 9966
627 8093
1810 46
2396 290
5433 3773
6852 8591
352 9510
6240 9246
5879 4259
6955 1194
644 1724
839 4720
7646 3767
3544 1758
8528 4862
3611 2538
7904 2636
3389 8168
1812 4171
578 7350
7299 2781
7078 8084
1749 6328
3560 5493
888 154
4956 8270
3542 5488
4528 5523
2939 6286
1711 8379
2479 2909
4975 3438
4645 4873
5397 6623
8851 8772
6782 5519
6 5777
97 1386
8817 3541
3790 1421
865 8448
5933 6026
7800 5751
168 1797
6383 1273
1576 897
917 4839
2974 949
4352 1001
6576 8519
5050 7288
3689 1801
1149 73
4059 2183
515 6525
7331 5178
571 8988
6900 7125
1060 9475
637 7247
6557 9553
2817 2947
4244 4542
8593 6111
7924 1781
7402 4513
6696 9675
7735 9343
7497 6043
6721 5306
1673 8082
5203 5902
2800 7496
3745 2209
7527 8793
7098 8640
3742 1708
2557 312
1853 4978
322 5060
3381 1266
6957 4263
6347 9193
5595 1927
2121 7643
4097 3943
124 2684
5682 7826
3802 7354
2288 8458
2977 7864
4282 8914
7183 3801
2219 3657
6276 7228
6363 928
7124 3746
6991 5278
3860 7262
1732 2058
6206 32
1565 8211
197 170
6 4235
487 5567
2345 6519
438 7015
8580 1699
2254 3953
3135 9046
6672 2360
1853 8562
8010 385
2118 6426
8273 425
5442 8861
5054 5558
7841 35
6962 4547
7928 2817
3061 9269
161 2284
4541 2887
5881 3948
3784 3553
5689 2526
1684 7176
6465 9023
2072 96
2698 3409
172 711
8413 9192
7928 129
792 8445
1392 4713
4270 217
2649 7588
2619 3883
7854 6526
4507 2699
7759 9304
2130 4800
2838 3637
7133 3655
1952 4445
5341 2780
4905 7998
4364 7057
8477 6722
6470 2664
7442 4007
5334 240
7930 3503
6209 1621
615 7562
2085 6617
8367 5510
2312 9234
5007 5659
8923 7007
7484 6578
4940 7691
9023 3136
8986 5451
1649 622
3863 2788
8395 8451
4083 1265
416 5373
3398 9570
3316 75
8338 5482
2842 8544
5428 2363
6948 1990
4558 8602
5796 3286
8969 4629
5295 115
2720 2210
2139 2884
1305 5671
3663 9798
1502 5084
1618 6083
1840 4309
3750 8657
6171 1025
8942 2047
2462 3021
931 7072
2142 9826
172 5578
624 3630
1620 2564
7772 663
1914 2552
2235 9204
7240 3882
6453 833
2822 7621
6157 7372
4953 9891
2117 1475
1670 6160
8100 9138
3244 2495
7455 2104
424 2755
6157 1776
1821 7867
3228 2343
7999 8035
4516 2559
5407 6957
5706 8530
1136 1606
6405 141
3111 6997
5312 9378
6122 8512
3510 3704
8834 3135
7675 6781
2398 3266
6853 2170
5896 8195
2834 3226
1157 1811
3748 4227
8716 5002
8057 4833
478 5344
8121 4926
6983 7729
2489 6884
2534 8213
2310 29
6151 3677
2330 6514
1390 6562
1338 6425
8128 6455
6107 3601
8828 1549
7870 6244
7143 6566
7144 3662
4438 2511
5213 5274
687 4334
1025 3451
2720 2075
4576 3510
1400 4481
3858 5065
6234 5532
8272 4388
2664 2907
131 305
6476 6255
7677 5057
8112 246
6372 7962
2645 5396
3256 1017
4123 4527
512 7183
6776 4469
7181 829
8507 2829
1478 6939
1141 1983
4768 1934
3164 4838
6798 6315
6740 5364
3708 2875
8794 7596
5234 3515
9110 6726
5165 1998
252 3419
6250 2326
3026 7807
1221 8028
9128 238
8589 3904
7415 104
3997 3330
4286 6671
7619 9625
1462 1629
2352 7842
7810 985
4293 9852
7299 6421
2362 8189
6048 3584
3378 7276
2900 9115
5929 62
1088 3354
7147 4520
4599 6174
8610 9203
3610 4751
7795 8302
6320 4153
3736 9268
8932 2799
6946 7432
8065 4746
7364 6413
662 3031
8552 1334
2591 176
4129 9568
3479 2139
6475 9565
3512 1130
6884 4696
8117 7201
6141 9781
8096 4779
4387 7364
175 1322
4984 7298
7189 9164
7854 7593
6961 6801
6712 7918
7354 4860
6110 5400
7808 6593
215 5109
3738 2021
1411 3369
3175 3187
4785 3238
4007 9154
844 5445
2069 9141
5190 461
3921 4489
2390 8455
3189 4622
4616 308
749 5713
6783 8546
2028 3366
1452 9027
9079 2619
1263 8321
1273 1921
5131 3639
6622 927
4497 2008
1541 4282
5903 2401
1987 6708
1064 8174
6766 8570
756 9749
5312 8271
4103 2386
2267 9709
1156 6131
6957 2655
1191 4864
8173 7954
6583 317
6451 4962
389 7928
2691 7190
8007 3645
2924 8291
6527 8167
4842 7697
1013 8101
3677 6030
6423 3025
3047 2622
5106 5460
3857 9102
4693 7355
4360 3946
271 3098
9045 4776
4822 2961
1509 5995
1544 4575
3840 2119
2779 1344
2622 4228
6735 736
2162 2247
4283 6188
6927 1297
7963 7500
3132 6486
6015 4189
4123 3640
5758 529
9325 1272
4211 7100
1467 8540
8480 9716
5299 7395
7813 143
9264 4505
7685 5571
4597 6082
2433 557
8689 2340
3341 5323
4982 9024
2006 7972
5033 7111
2116 5734
9048 640
8182 3308
3909 4035
8608 7243
5602 9887
451 3060
7772 7630
2678 2862
3158 7615
7138 2933
3707 8575
6500 4851
7062 5204
3372 7900
2628 3723
4964 7584
5293 4321
7754 9718
7212 2814
1258 5688
7312 318
8569 1796
4004 4983
3835 3532
7910 5985
4632 4771
3113 2409
7120 2412
4826 9512
6128 5342
9061 6439
124 1427
2495 5511
7375 7765
180 342
403 7803
3816 3138
2902 4340
3739 1027
5436 6402
5101 4522
5831 8586
2663 325
1061 6062
8453 3469
8515 4560
9170 4510
8980 3856
6317 4890
7019 5450
6766 6994
3685 8776
4763 7213
6359 8933
7687 6706
6531 1746
3022 8864
497 226
5135 7585
8821 9560
6493 7845
3895 4200
1495 9312
8685 8568
2452 9750
238 7182
2540 8433
4897 4722
5135 7467
6035 4785
9037 9297
8621 899
8192 8219
1774 9463
6870 8904
8509 6146
4394 5345
414 6239
5957 2551
6549 9408
6505 9761
5216 8912
9174 1267
3919 190
3980 2496
4520 3086
4557 3195
3277 6991
8 7728
6027 5231
3564 4745
4997 4948
5076 503
6398 9730
2666 7327
9386 3255
217 1105
5218 5642
872 7034
9100 7970
6897 8549
2676 9037
7742 9649
7932 7290
5640 8947
2035 7448
1329 3661
567 873
7881 3463
2938 5626
3425 5074
1217 1523
7256 9755
6215 7310
6483 270
4294 9660
7863 4169
3047 477
3850 7080
4398 3223
4995 5477
1122 1659
1368 892
4185 8429
8372 4548
7964 4075
3045 2486
2284 731
140 2806
6833 7014
6369 2748
9256 3794
2884 1938
6932 1599
3270 2732
2502 1663
1145 2892
5942 6583
2050 5547
926 3074
7890 3744
4940 6663
6354 653
8252 5161
7035 9982
6703 9309
6248 5305
5439 604
3000 9857
4833 10000
2071 9431
9018 842
8864 4174
8377 8197
4378 4695
3103 25
952 5686
6192 6168
1585 3938
5280 4339
5032 1851
4197 1975
3369 9533
1103 3290
2491 3589
5089 5565
1875 2745
9371 3172
1469 4218
6713 3930
6893 8658
6216 7605
2815 996
7985 2271
2305 6599
1826 8748
6989 8077
873 6446
5972 2637
2478 7096
4869 6158
7513 768
123 7085
7142 3591
8970 947
5419 971
4603 6087
6160 4315
3976 3804
8085 6467
2349 4379
4569 7331
6090 802
263 8673
3791 3393
4476 4705
3349 498
8342 3388
3859 8324
1658 6559
205 7811
2721 8661
1500 1825
6391 5590
1268 5324
1588 6117
3344 3398
3271 356
8493 6935
6460 8805
129 4879
8893 5762
1265 4090
6873 3965
5350 1106
2523 6905
3562 7370
7549 8144
7895 8871
6513 8263
6547 1138
1266 8053
6603 3049
4363 8990
3257 4607
4619 1563
1718 8684
4700 271
4838 2235
5341 9842
7049 9853
1245 2230
6751 4923
6705 6494
3632 7050
4751 6444
1494 7869
8386 2558
5409 9681
33 649
5737 5425
5015 6107
1676 3765
3010 4450
8200 5794
5973 5016
5638 8753
4024 8133
3354 2644
369 4254
2279 7902
6877 4545
9388 2549
2161 8566
7953 2837
4145 422
7536 6086
4959 7124
8260 8849
6555 4109
2327 5166
3194 3659
4847 2728
5919 1786
8550 6666
4016 774
6620 128
851 8056
7260 3814
4277 1879
7114 1180
1687 2521
4303 8196
5155 1737
9409 6512
9347 5591
7678 6954
1241 5360
4978 6808
1351 3467
2931 506
8913 5307
8642 6230
8925 3738
1575 2164
5296 1499
8665 9967
5505 5191
3964 4613
3935 3816
8883 2969
9275 3803
6010 4126
655 4373
2548 5455
1205 9523
2874 92
2877 6839
4288 155
5579 1422
377 7196
5828 8329
3235 472
6686 6942
2588 3772
6221 9995
5562 2096
2496 5005
3046 1480
7710 785
7689 841
6445 358
8891 2840
1793 3560
1841 5621
6216 7839
3046 6880
7132 2488
31 6461
127 7609
7899 5960
9187 998
3909 1719
8677 1589
4322 9250
491 9809
7781 1056
6980 1290
3082 918
3057 5992
5716 5483
6443 7123
7360 2110
4373 3654
3828 3786
7864 6656
7868 2355
4356 1952
1574 6108
1263 6297
344 4610
1976 469
4694 4744
3759 1766
3425 7768
7069 314
8943 9763
5400 9092
152 394
3034 4618
9338 1751
2635 8316
5508 9599
776 51
1383 4196
6520 5880
6119 1316
746 243
5879 5949
8360 8013
7731 3088
4852 524
4322 8712
1484 2686
5327 5964
8969 4032
5200 8735
9134 6319
6560 2531
4758 4101
9175 340
3915 8227
7300 160
4397 6636
5189 6032
3390 9176
7720 6787
943 6838
2590 84
4336 9460
6016 2010
5400 7742
2790 7895
5993 7258
6622 6163
1283 5106
1715 7748
6056 6758
7695 6616
9376 2127
676 5119
8264 5081
3301 8621
4373 2945
7397 3742
3278 4799
3337 133
7466 7235
5291 8662
3290 8438
1182 7174
3771 2441
620 4774
1469 9903
9649 9543
2651 2123
651 4305
841 30
4672 2939
7640 2268
1523 3162
556 7385
8957 9690
6573 4849
795 4011
2570 639
7568 5193
3231 9629
341 1281
1232 264
3998 423
7307 9261
5341 6056
6658 9920
8848 4641
4985 6015
6074 9160
9732 3568
4144 6852
312 4662
6288 2802
5149 2132
5107 2709
5012 2405
4111 9640
5643 7915
218 1228
8328 6686
1965 4840
8779 9955
6273 1216
1607 3620
5338 6665
9179 7711
7280 2039
5056 8049
7107 1047
99 204
3594 2638
3441 8740
2845 2298
9687 284
5950 1923
4482 7420
6226 4609
1738 6134
7011 1871
4662 4154
9492 1298
1718 7322
781 9210
9239 4804
8070 8099
8203 8260
1101 2121
8636 8538
4790 7650
864 7422
6903 2202
1256 8958
7736 6774
9641 887
7339 6964
9786 6361
9110 6469
4023 5879
4164 3858
3022 507
3596 1642
2750 4984
8412 4818
4653 1705
5772 2984
1384 708
5384 5717
8268 3356
4982 1366
1474 5157
7692 2397
3400 1101
4331 3792
2581 8809
3345 8071
4111 9861
7911 7716
6923 1534
661 7117
4706 4047
1404 1779
8739 3178
2352 8206
3171 2585
9526 3232
544 21
7951 3230
5152 7975
7241 7640
3019 1768
6710 8847
1865 8680
4795 8482
2953 3489
8732 5832
9817 286
4096 3065
3109 5195
7380 5008
2801 4869
1866 5428
8786 7486
811 6850
5141 7810
9201 4928
4797 6741
604 6511
5765 8916
8105 6890
6330 8541
1349 5241
887 7702
7018 866
9320 9426
6744 1109
5322 8062
6813 8423
763 3034
597 3638
7978 2031
8088 3830
1886 9643
282 2431
7890 6064
1791 882
7351 9794
1144 4046
2716 8086
865 3107
367 7110
2372 5080
6794 1957
2927 1948
6485 2734
3564 8836
5213 6046
8760 1734
2618 696
45 2017
4418 3170
5476 4271
1051 1420
3381 7707
4509 12
2140 8741
1644 7586
7868 848
4660 9604
7494 7965
1168 7039
8438 7709
1386 9054
3193 319
2152 9083
8841 9647
1662 1014
9897 2990
988 7206
2532 9529
3607 7086
1673 5031
2002 2827
5773 2193
9864 142
6513 5167
5178 9699
3397 5013
2320 7534
5567 2723
7888 2421
7200 1325
7795 9197
4998 5051
1956 4438
557 4845
7589 8908
8041 5312
4477 7564
9180 4682
2648 7909
3436 6232
1680 955
7610 1144
771 5102
2104 9130
1956 5967
4486 8501
4968 8830
7075 7973
434 4844
2725 6776
9307 3153
96 9258
3339 7192
3561 7083
3833 8374
2145 279
769 7783
9835 4807
5284 6875
9049 7949
549 6972
7155 8065
7258 6115
1507 9548
1175 5690
7880 7635
5835 8777
2615 6914
4968 2231
367 8435
9741 6728
546 567
8601 5834
1351 5719
3658 7028
3865 4636
766 2131
896 463
8490 5440
2629 1835
9048 1264
6295 5962
2309 658
1928 9305
6229 7279
8746 2702
218 960
7012 5821
2263 2602
414 9685
4638 7799
2845 3884
6360 7200
1685 7043
3589 2347
7691 3592
