496
1 239
239 65
1 111
1 44
65 164
111 69
239 22
111 270
1 399
111 165
239 382
382 335
399 168
111 417
44 53
1 196
53 129
417 385
65 254
168 243
196 80
399 151
129 436
1 435
417 42
243 429
335 311
382 481
165 195
481 445
243 96
44 378
311 100
129 464
417 191
100 209
1 368
195 377
254 479
417 297
254 255
164 414
335 468
42 32
191 388
297 217
254 72
96 54
100 313
217 474
388 132
481 446
100 261
65 108
464 89
399 146
195 349
80 12
368 136
196 258
151 367
313 176
445 152
297 495
151 130
100 486
53 293
132 140
239 232
385 150
481 190
217 202
368 203
435 180
69 271
196 33
377 154
258 64
377 267
311 11
80 213
64 444
132 24
191 394
69 355
261 454
196 376
254 30
140 5
382 103
335 199
129 174
195 25
176 67
446 27
72 101
394 171
209 416
11 303
270 296
136 478
64 71
103 396
44 278
303 406
481 433
278 484
261 307
22 155
385 85
394 235
151 120
255 74
152 35
376 306
235 98
385 410
388 56
67 375
388 453
132 489
80 263
24 425
202 328
44 413
12 424
454 115
89 358
209 222
11 178
111 475
382 109
69 279
64 122
65 345
453 237
345 423
155 147
217 348
377 300
109 211
108 219
306 304
103 362
72 156
414 494
494 52
494 194
115 428
375 466
468 487
453 250
154 452
111 38
388 131
196 82
129 241
429 189
64 275
35 66
5 283
313 298
417 157
71 273
146 179
368 88
237 256
190 4
203 198
479 133
303 81
406 141
151 491
345 403
88 50
328 45
273 469
1 333
130 7
486 422
45 34
53 496
494 395
468 387
154 225
436 356
378 316
156 95
45 277
355 477
133 455
33 206
155 274
267 102
413 264
328 379
454 20
50 36
131 137
250 290
494 172
313 299
195 371
445 381
297 87
1 188
414 29
468 431
157 144
81 329
89 461
396 372
487 8
180 432
172 41
491 84
394 441
270 205
176 124
406 60
12 181
95 488
417 327
198 212
198 482
396 97
180 301
345 340
474 55
301 240
328 158
313 434
4 315
97 359
444 269
158 253
327 458
424 360
180 450
67 99
382 408
254 70
441 3
52 114
55 419
488 334
131 51
206 61
108 92
381 418
371 204
428 405
313 400
293 291
441 272
372 126
348 173
406 76
181 292
42 175
468 383
334 117
375 9
29 364
291 322
137 447
9 456
301 324
452 350
155 361
477 183
108 471
72 339
362 342
435 91
124 226
416 295
206 476
151 437
80 143
158 284
274 472
471 480
89 79
117 83
44 448
99 268
154 160
45 223
56 49
122 48
303 380
290 451
20 398
340 485
428 457
206 412
474 265
11 228
447 192
35 354
198 397
156 62
96 289
414 31
434 149
8 28
88 462
115 312
488 341
454 415
160 77
183 344
155 215
80 440
183 145
3 259
327 390
5 90
154 346
471 266
258 357
468 21
52 426
27 186
376 337
67 139
237 353
261 308
204 68
367 282
448 294
176 338
228 86
219 13
237 421
115 443
253 343
54 391
99 18
311 17
97 370
258 75
192 127
266 57
491 185
198 460
69 220
147 493
70 347
117 78
334 6
79 249
284 389
432 73
176 163
277 244
266 260
188 110
3 116
388 427
98 285
394 227
350 170
88 233
295 184
185 247
98 401
478 134
417 430
7 121
38 187
469 16
7 305
62 463
263 221
196 369
150 420
250 404
18 242
476 288
463 46
422 94
44 15
489 262
293 119
354 104
41 118
11 128
206 107
242 336
274 193
196 286
412 309
401 384
480 442
212 302
446 231
427 210
478 47
74 449
186 123
275 320
305 224
100 393
468 281
417 230
12 373
17 105
302 43
285 310
398 39
282 351
117 252
329 214
43 216
176 459
222 169
194 159
206 142
170 113
33 177
77 323
491 470
395 161
143 23
460 63
322 409
161 287
266 166
457 14
5 492
329 257
70 2
264 207
184 326
284 314
47 106
52 200
89 402
145 229
113 37
53 238
294 374
92 280
455 234
481 182
127 321
222 490
105 10
137 317
481 93
452 365
99 330
18 245
204 153
35 112
129 438
300 331
297 208
133 167
281 332
290 19
196 162
420 59
434 251
330 40
259 473
463 392
209 197
2 58
211 318
417 26
200 352
106 366
471 148
492 407
493 465
486 201
61 138
389 135
469 246
88 319
359 439
177 325
410 411
78 363
436 248
457 218
411 467
43 276
400 125
337 483
32 236
283 386
