344
1 114
114 177
114 104
1 257
114 276
104 281
281 32
32 112
32 154
114 172
281 318
281 206
276 70
104 143
112 196
1 275
276 93
1 72
154 211
93 105
72 185
172 16
105 5
196 284
72 262
206 325
206 332
112 244
104 290
244 96
143 173
104 39
1 229
172 102
257 84
318 192
112 52
332 202
332 6
325 11
143 314
93 13
332 157
206 118
96 204
32 45
185 103
143 136
192 127
185 301
206 248
314 42
127 167
276 44
1 238
284 274
229 77
44 19
127 107
154 278
318 80
167 217
118 133
314 148
6 4
314 151
157 21
11 305
290 285
314 181
6 199
105 95
11 7
114 339
314 309
284 134
133 36
244 342
172 280
133 79
325 33
318 83
42 128
7 113
284 12
118 135
84 63
206 326
63 37
325 23
118 64
7 330
7 294
206 139
248 47
112 18
52 65
248 158
32 159
36 150
4 109
206 321
45 333
21 255
173 300
159 277
314 252
252 22
150 89
326 319
204 251
325 81
280 174
33 111
42 267
104 273
112 188
325 131
332 201
42 17
109 179
133 243
89 247
257 53
36 98
65 62
111 61
243 263
143 146
262 266
12 54
204 144
294 182
114 214
111 313
33 153
278 142
157 250
244 40
95 35
333 58
277 226
105 335
70 337
128 3
330 261
330 272
65 138
238 121
5 92
226 312
244 340
21 8
16 207
173 328
54 224
98 269
89 27
206 123
177 51
281 85
128 116
21 82
244 130
262 88
134 187
35 126
53 169
206 245
243 149
206 236
118 60
63 302
128 175
243 132
32 221
332 218
23 222
132 57
229 230
312 97
5 119
236 237
276 29
98 241
247 170
273 10
82 75
290 249
98 227
276 336
172 198
32 316
142 186
330 43
201 225
142 41
40 327
229 48
294 310
35 34
181 156
245 176
32 279
275 69
214 125
214 115
328 288
222 303
61 344
288 311
102 223
123 163
274 322
340 101
222 117
114 264
214 213
226 329
48 254
309 87
312 171
177 292
18 74
58 341
112 307
39 232
114 246
72 282
95 71
327 343
36 26
255 66
85 194
84 68
96 91
339 14
199 28
125 253
201 122
309 100
282 239
153 270
172 31
142 268
158 298
335 120
82 271
237 304
29 108
232 197
300 293
314 59
87 38
232 15
60 110
103 2
246 306
342 46
57 162
271 76
181 234
192 240
139 30
241 216
202 260
35 160
142 178
277 145
243 297
251 200
198 283
199 228
229 78
111 209
63 180
222 203
171 208
303 94
214 323
179 183
274 191
251 164
29 49
239 315
112 287
94 231
84 258
179 73
340 86
127 299
16 215
136 289
37 286
181 50
260 140
40 189
68 155
153 166
159 259
121 193
202 291
225 320
19 152
145 324
142 338
79 308
27 219
245 161
127 331
59 334
3 9
81 184
287 90
260 256
78 55
328 137
32 106
100 168
149 265
271 220
77 24
246 295
261 233
288 147
173 124
225 25
222 20
316 141
51 190
103 212
234 235
6 210
162 67
329 99
234 317
68 165
135 195
29 296
236 129
71 242
118 56
249 205
