352
1 243
1 152
152 93
1 74
243 100
152 26
100 281
100 256
256 192
93 187
100 331
100 55
74 216
216 168
93 276
276 52
331 271
74 135
1 136
187 41
276 178
74 54
216 43
216 8
271 212
276 128
256 162
136 46
152 156
8 70
135 328
156 231
74 219
168 53
41 164
271 80
46 23
53 173
74 321
216 233
256 290
187 160
128 24
53 238
212 65
162 33
256 265
8 316
162 3
271 205
80 199
100 101
231 350
212 292
192 309
128 240
80 75
136 193
8 237
231 89
350 36
290 92
350 145
135 120
240 278
162 28
36 287
287 257
156 330
55 5
243 189
256 63
156 14
316 295
145 119
145 288
240 121
43 86
205 213
276 137
36 174
119 225
271 236
8 226
240 25
5 277
287 215
287 32
295 84
292 166
136 329
14 351
164 312
278 16
136 302
350 29
43 210
328 202
145 306
302 134
265 201
14 304
210 73
216 85
205 72
193 268
238 297
29 317
135 341
306 34
72 249
240 261
75 147
100 141
121 158
147 181
225 15
351 21
16 337
145 170
238 115
29 182
28 69
238 19
15 274
290 325
312 283
34 228
101 131
8 235
69 105
156 176
128 42
100 133
141 197
70 183
219 310
212 234
173 20
297 123
119 117
210 315
277 98
166 18
72 60
15 45
16 275
75 142
281 227
133 284
189 107
86 204
46 59
70 7
236 252
276 44
142 79
121 314
70 161
44 253
101 245
228 108
160 224
238 12
34 103
53 217
275 342
329 222
8 326
34 6
18 246
233 279
74 94
213 140
29 40
44 343
216 125
297 9
3 311
287 335
283 51
12 87
141 195
105 280
108 323
59 48
292 190
51 267
189 208
253 2
142 31
44 211
281 102
44 248
321 250
166 289
297 239
204 242
93 64
86 138
199 124
325 95
182 318
44 184
54 151
85 146
216 206
242 11
302 352
141 203
19 56
243 218
23 346
92 177
3 313
1 347
215 319
65 332
181 320
140 180
283 194
26 258
182 303
201 186
321 30
224 99
284 270
92 179
2 67
256 251
193 139
160 144
18 165
69 348
343 110
120 324
33 230
297 198
86 200
63 159
161 148
24 308
256 260
145 349
64 293
52 221
292 172
115 232
265 262
48 62
283 298
232 116
308 81
94 83
74 129
8 285
211 191
260 10
249 259
246 71
129 109
275 345
295 296
151 300
262 47
119 49
257 88
142 175
86 336
117 96
110 272
232 22
238 13
276 91
336 301
308 266
19 149
30 155
224 244
148 61
34 171
213 37
16 113
103 114
186 220
18 153
296 27
319 78
212 35
310 327
343 247
16 294
48 127
63 223
117 90
110 4
194 82
69 130
119 106
23 154
242 322
308 185
327 150
154 118
67 112
135 76
287 196
276 104
197 269
272 68
89 255
75 254
352 167
259 273
56 209
210 17
345 333
115 126
21 163
205 299
43 229
82 334
280 58
324 122
137 344
121 305
7 39
98 143
129 132
175 282
226 214
17 340
167 241
258 263
215 188
316 169
114 291
313 57
292 286
308 207
88 38
213 307
173 264
178 77
8 111
299 338
198 339
295 97
102 157
198 66
167 50
