1998 2000
451 1560
1544 1737
559 656
645 1897
471 882
259 613
1100 1085
497 1134
107 1791
1505 1704
813 378
763 1220
922 1852
1489 1844
37 1635
1250 727
1315 906
769 1127
746 549
325 323
59 1823
1843 1828
460 952
1407 84
1751 277
61 1579
196 48
1343 1242
1723 1206
953 209
1216 139
1125 1577
1050 159
1923 759
986 391
752 131
481 767
927 910
1767 689
1557 89
819 936
545 1603
1748 935
1423 1970
1669 1624
1521 335
1978 621
854 1063
1833 1503
669 1761
1676 1823
648 813
731 664
1552 1501
1750 189
393 1130
661 1574
258 1993
237 1726
1980 1525
1746 1753
1945 1371
1021 1363
875 1721
622 815
1226 828
1843 1135
569 1843
403 714
1997 446
699 804
26 428
1413 457
336 953
552 1884
416 809
155 890
1838 650
54 1297
780 1495
1068 804
881 683
181 1667
226 337
177 42
925 392
95 1502
739 1953
137 405
1717 362
75 594
125 1544
1011 1841
1213 1321
1120 1122
1423 319
25 378
774 1920
328 1637
440 1369
1477 663
1361 1310
1849 1540
1621 1973
1505 938
487 901
1432 1244
1283 1746
1688 1764
1452 498
590 1629
1698 766
1473 618
870 967
397 687
1490 688
652 715
1492 520
1993 894
1608 867
907 330
1044 1563
1123 1379
64 1252
1743 140
130 136
1783 1287
1190 169
1863 1023
900 185
61 1585
1348 1165
672 1493
15 391
332 572
1814 304
1731 1541
1780 177
169 470
1539 1493
109 754
399 177
63 1174
1417 781
394 680
1875 1442
1028 218
1372 1846
1911 1301
798 446
1585 711
204 1291
187 526
1336 1953
1016 1401
1120 1519
18 609
1538 135
1821 1703
1267 1090
1112 1589
40 1194
114 1435
1816 404
645 1690
481 1799
1444 814
1783 570
90 795
327 385
500 1620
926 859
1032 549
1748 1998
992 336
1945 1178
1705 1404
1148 621
976 1129
1775 1087
1442 1499
1168 1110
545 1002
706 1012
1511 892
924 1203
438 1525
1330 929
1832 1225
1216 1904
1821 1798
1113 131
1358 1692
113 718
1424 580
505 944
14 833
763 1049
444 1288
1945 700
1718 1439
1861 1214
321 275
457 1785
637 322
29 988
1596 917
1607 230
704 27
1422 1899
552 1335
477 1342
950 1454
1649 1573
1215 12
1299 1382
1382 850
1951 1264
733 1084
1776 1746
1448 936
730 1099
1908 116
599 82
1449 179
66 1328
1834 1753
811 845
1269 873
427 1155
1928 873
750 877
1570 879
446 1932
546 1428
1974 1756
488 1685
1577 198
826 868
1959 528
1446 662
143 1580
1314 1970
315 636
1299 649
381 1444
1673 743
877 844
1297 820
226 438
99 786
426 968
1908 278
236 326
1375 1551
1295 1384
1758 943
1553 1359
1625 1815
460 1975
1743 939
828 1156
26 1379
469 941
732 62
1894 1467
1907 1190
1449 1975
137 1057
1107 584
1149 1865
117 918
1905 73
145 1019
1200 1807
1132 46
579 962
512 1386
939 1244
1771 155
848 1140
1620 1146
1829 1592
468 391
1854 545
1269 1440
250 1517
405 206
204 450
220 214
748 1178
1096 366
304 1027
1849 60
1916 180
1034 1106
1971 1812
19 267
905 1016
1457 655
1508 1610
622 790
74 439
487 1067
75 1452
1954 1418
550 1494
707 925
408 1794
1225 215
1181 154
516 871
496 1820
608 1852
1118 1359
607 346
1703 1092
514 1168
617 1820
1903 1975
834 1962
1385 649
1536 366
1660 1536
12 332
594 1362
115 386
464 1466
1456 1871
1158 1866
450 405
1509 1292
1010 1622
1128 499
334 864
1604 1179
397 987
181 844
1144 1283
123 1311
437 523
1569 404
692 1132
231 599
1319 1767
434 631
1758 636
870 949
1190 1610
761 520
585 73
1605 1333
1928 436
1209 1094
964 245
463 1816
887 1519
1886 379
216 1690
1674 771
667 1284
1091 693
1954 1322
1934 900
882 17
1726 702
1421 1935
1011 1280
1441 1008
1370 995
1564 1297
626 694
572 1082
1623 524
1005 1059
1464 1011
1336 237
839 1445
1142 1898
501 1550
1362 126
1700 1356
903 1880
617 606
61 230
1496 1824
855 324
1000 1691
1686 816
692 594
425 879
895 226
854 510
704 291
1416 1502
969 551
1230 1310
1462 1186
724 1704
1674 1630
1736 1562
557 1119
583 1080
1113 1430
465 329
1192 755
682 1050
1606 1322
303 786
434 1551
489 367
477 466
807 865
35 1556
965 308
913 1467
982 357
719 1146
527 1554
1717 1691
517 562
708 198
888 209
1788 1359
728 542
537 647
957 1983
857 953
818 1629
845 1060
803 1753
1672 1562
169 504
561 969
1500 1020
1129 1419
98 1557
371 1569
37 1889
1604 424
72 1417
933 935
140 1423
458 57
1031 1139
1954 487
357 103
485 1237
403 1808
687 1439
465 1061
1232 156
1868 1021
1745 1549
761 431
685 1289
995 1556
130 324
1936 695
458 1859
1092 1597
1435 658
401 1965
595 318
739 35
512 971
495 1485
137 349
1953 119
1475 549
610 1349
211 346
1098 202
826 1690
1579 696
442 312
1882 462
1515 860
33 702
1555 97
1158 684
1347 1033
268 1674
379 1914
958 1919
866 795
1368 247
1179 1084
84 1692
123 913
652 222
1187 207
1699 852
1826 1331
1118 1429
1944 920
1010 801
1295 269
1216 1724
1017 1424
39 811
1941 859
401 294
997 646
1698 804
1681 1231
145 529
1811 63
1613 635
184 1211
1788 524
108 170
1630 1525
1416 934
1978 1012
1709 1909
1034 828
458 317
1049 1322
1031 38
1743 467
313 1133
257 1339
91 1827
587 555
54 384
95 297
124 1123
1513 741
1222 252
1755 1313
1498 1879
1431 1809
951 165
1191 1040
1305 1223
326 418
1570 1417
1457 1704
130 734
424 596
1459 840
894 615
1236 368
443 1371
582 317
731 734
622 369
1725 1269
1715 828
417 969
1483 678
1586 1981
1377 1345
1997 1499
1123 932
1755 1594
37 1985
1969 1211
1210 1763
299 1553
1916 8
58 1435
1531 549
511 1736
1169 1816
357 775
1511 1003
1002 1120
1365 629
148 1786
137 1258
1491 209
840 1111
976 1899
1272 1451
363 244
792 377
1713 542
107 1263
1984 1983
1230 1342
992 853
552 241
994 1737
1913 754
1867 1539
1866 1680
1483 1401
61 1819
1188 84
517 929
363 592
148 684
1743 1475
35 749
1679 1739
603 1028
1432 49
1775 1744
661 52
203 1807
1569 416
1068 591
1250 1442
124 1340
1038 429
979 93
1990 932
99 1092
509 798
1644 1862
1868 1602
1656 133
217 849
1943 1599
1911 1838
457 555
1032 193
1190 154
929 1220
986 294
1003 737
309 1728
827 1480
1051 1812
352 1867
1854 1291
315 691
414 779
1269 1736
389 660
1966 684
262 1020
1780 89
496 1588
843 740
1056 923
1017 1588
1611 660
1893 1122
217 927
622 782
1068 1322
1769 687
1628 1796
1763 1691
1096 1525
739 1601
433 944
1541 1873
1603 359
1240 853
1464 668
760 764
1547 658
1847 368
547 164
926 487
1643 1203
633 1869
1654 333
218 1627
219 115
1052 1728
634 322
1044 1870
1616 732
1479 8
1429 994
1246 158
26 1573
1604 1901
1183 874
31 737
985 1094
1246 1367
18 1619
646 865
533 800
1717 458
1993 580
1216 1105
1950 318
1630 288
782 1696
1651 1218
1138 1937
1079 1916
557 945
1735 830
986 623
1887 1880
1702 76
1710 1218
1716 1871
703 1116
1170 1595
712 926
1665 1094
707 995
989 1762
1529 1157
996 1250
1954 786
1653 1236
1181 580
575 1514
74 478
247 1392
1585 1973
989 862
982 1519
1825 1578
1900 1719
627 215
1492 1059
895 27
27 1357
1864 1020
601 1004
1746 1290
314 583
888 1170
1766 1580
145 650
1295 855
1790 940
1790 1647
484 287
706 616
673 1073
213 364
1851 621
569 1429
1383 19
582 436
1859 1924
967 896
537 1017
414 245
1192 1687
174 150
161 1577
1865 1116
332 1478
1524 632
1801 1012
596 809
1798 978
1260 611
453 208
857 771
1127 1487
1873 1335
1700 1011
1573 1878
928 683
559 1279
94 919
3 1807
892 180
1158 1967
1188 227
900 1357
346 1451
444 741
1325 269
559 1546
173 96
1837 958
1304 1962
1898 1476
1224 41
211 362
1371 1744
918 594
1707 973
1948 834
18 1894
1906 559
219 192
231 1975
284 683
1959 1921
568 279
1306 184
1394 114
1184 1379
1469 853
216 1622
1200 1633
1911 1844
30 362
221 1685
1203 1652
388 1522
744 1953
97 1672
1939 1672
1733 1203
1766 1685
1240 1575
1666 1061
30 787
1726 57
878 1333
861 1493
1579 1102
1637 391
1034 914
480 1230
1317 860
1343 70
1504 890
1985 1146
1035 364
1608 1275
1698 1504
836 331
1708 874
305 1630
1258 307
1976 1129
513 941
1565 589
1489 822
1496 1495
262 449
1926 1000
1410 1465
90 1195
956 1788
1052 1440
1978 1843
1379 1337
1969 1579
886 1709
1618 691
1034 1086
388 185
463 1048
339 1130
1674 1972
1090 743
15 824
1317 1102
1513 65
1490 8
1400 1264
421 1806
1163 1133
1498 288
1053 1928
1887 776
942 1067
1840 454
603 307
839 1228
1029 1221
41 1245
886 1633
1263 1650
1703 1304
708 1072
1623 1693
1052 1153
647 1188
904 848
1606 528
1247 482
1580 1816
1948 1300
975 1382
1489 1558
716 809
1259 1674
1200 1900
1498 829
1945 1685
933 1356
1540 150
1475 1088
82 1927
1457 1916
484 1898
1128 1442
485 1594
1299 1125
703 702
203 976
1904 1562
1163 405
1077 165
1708 1194
1654 1554
127 1485
1142 923
587 917
1868 1114
183 532
1684 14
1307 1233
155 1983
1019 1850
1313 1951
1424 984
967 923
961 1773
1861 571
1201 879
645 966
807 858
563 606
1399 776
838 1099
1891 1867
620 1997
538 176
1332 1127
198 1305
406 1689
1649 1033
1364 664
622 1153
877 1131
1861 601
818 1191
450 1871
1602 96
641 1547
1765 815
113 1509
538 1840
1117 1608
1529 1636
1530 392
773 1074
1118 827
1091 166
125 617
1286 380
1613 925
1617 1202
1184 1313
1626 467
1123 700
1179 1837
8 893
995 1523
914 1198
400 215
788 185
561 1728
1904 1151
923 1852
1901 239
1606 449
1698 484
1601 786
1576 590
1682 1799
306 792
860 1318
671 576
99 860
1176 859
1233 1539
1040 1853
373 565
494 16
1492 1367
886 1212
1071 1979
1093 1385
706 1162
272 691
1804 425
545 782
1029 290
401 188
191 1270
1604 623
394 817
937 1337
472 441
78 885
1984 1529
1650 1095
647 1221
769 1831
387 689
1191 683
1410 1544
414 71
935 62
574 60
988 1828
1596 1439
1256 1337
1281 93
1941 1688
1210 1050
1160 1878
1350 1038
1882 737
510 1534
724 28
1843 1903
1459 1796
1767 366
788 214
1544 155
1343 1498
677 1265
1457 1375
311 635
858 1245
1710 1316
92 954
235 1417
631 969
1896 533
1084 1897
1745 554
672 632
1279 1692
1282 683
635 302
1112 1961
491 1887
424 1904
1482 1098
406 248
239 1423
701 1252
1997 1190
1671 860
802 785
1800 1235
1128 780
1860 1737
880 62
1871 1103
1383 1312
1456 795
1537 942
190 653
350 1821
766 767
310 734
1751 664
161 829
1153 1001
399 1407
1317 791
311 1576
246 1189
217 1003
1148 691
48 129
796 1110
1614 1889
1210 1913
1478 1285
201 1419
1348 490
933 1055
1283 1509
1813 67
1569 696
626 605
58 789
1734 790
346 422
1512 1793
295 1327
1746 34
407 131
999 738
1628 828
468 1627
152 1514
1790 1147
160 765
1114 595
513 1563
513 1819
1768 978
1306 810
15 456
1807 1061
309 1831
1644 1816
763 1178
170 959
171 1344
237 60
1948 1262
37 1695
109 662
1968 488
640 1280
183 1883
71 1607
1259 1681
1160 101
563 388
1723 1366
220 1103
1953 1501
635 944
741 856
91 1411
989 369
1016 1135
868 684
1082 1454
765 229
343 1001
1261 504
212 616
102 529
1411 893
485 180
1069 940
1456 1264
376 1761
1001 1122
1524 965
1754 379
1447 1246
197 171
1319 1984
525 6
207 555
1853 936
68 300
605 955
715 1727
716 300
1684 536
896 133
1384 1313
688 616
1752 539
806 1765
96 210
231 1344
1153 1356
407 1131
1464 767
25 197
484 1301
1943 347
211 1616
1247 110
559 144
1709 579
1134 1170
1400 1318
1198 1322
876 1812
83 4
959 1064
803 1145
358 215
1172 516
923 1217
1809 936
40 1711
1470 1744
138 335
902 115
1149 1733
1204 736
1509 717
1969 460
970 804
989 1593
1290 250
19 513
1492 411
1028 287
1491 427
1528 890
461 804
579 1693
1180 1238
1398 1669
341 1815
1726 829
873 1094
1896 1503
730 1078
384 1344
608 1495
974 1686
1489 1125
1464 168
440 783
1068 1943
95 1697
1751 636
1895 1365
1434 1691
393 64
480 1360
512 364
1489 924
607 91
568 1666
1456 833
1139 536
872 1167
1604 1853
1825 85
104 404
1682 544
1199 1965
1532 1500
1083 921
600 1181
1536 638
692 1622
23 1381
1886 1318
1240 6
1029 1590
1780 754
1031 180
840 168
1611 459
183 805
757 1533
239 1243
113 220
1780 708
676 1008
1283 395
334 556
1207 819
1241 997
1290 1940
23 1081
1294 497
1259 1191
114 1362
511 923
1835 229
1568 1949
317 717
1966 1177
415 1348
1954 1178
472 1329
450 1777
943 1642
902 348
66 1198
370 1545
1849 584
130 1903
803 1177
1132 858
1002 1215
1024 1922
874 1065
370 1745
1926 365
1505 1495
1079 639
1291 1534
884 1608
475 558
1358 1761
1346 13
148 689
15 875
534 1545
402 1075
1237 1338
1014 1430
205 594
1365 250
1557 729
583 888
1241 615
216 466
1143 1547
1256 720
483 668
211 1224
939 1794
77 649
1650 1322
393 1479
1748 1198
514 1222
692 1309
1785 50
1051 441
124 618
1457 1453
1585 1614
475 698
1805 1164
1780 1657
488 1538
1662 924
504 1624
1101 1550
1785 683
905 70
1929 1253
1976 1125
641 1742
405 1968
1366 369
1862 1004
1925 198
1087 1156
40 1953
449 439
1688 422
1916 1723
150 1067
982 1442
1172 883
1270 518
181 1087
1892 989
938 917
1374 164
1845 627
854 1160
946 500
408 1396
672 584
1402 1274
720 84
1993 1567
866 1052
1464 581
1365 1286
435 467
349 1017
1176 474
1019 1576
601 1157
1128 28
1725 1111
1984 158
74 1816
163 50
634 1929
1347 1387
43 1538
130 1258
708 1975
1689 581
329 1088
1821 372
1029 218
534 590
1700 1275
938 1088
1372 1693
1290 82
231 1785
828 743
1172 7
587 16
132 165
1202 595
1383 1346
1708 608
843 1929
252 155
311 1631
1846 16
196 820
1688 1441
183 1715
100 374
1844 1712
645 1078
1941 1826
1685 1218
577 838
607 449
393 730
1819 1119
994 1353
434 1618
103 1947
1955 511
1028 112
1180 1549
387 1647
363 722
505 1006
406 1578
583 385
942 689
993 894
61 1389
1529 1367
1155 189
223 1578
463 214
948 215
1036 230
1628 1501
1750 209
1908 135
976 1453
996 1652
143 805
1620 720
261 1859
639 710
1019 1750
1441 1262
377 101
162 718
1745 1048
390 592
1833 73
760 1088
1248 910
1483 223
1265 1687
1208 82
409 1438
262 883
1761 696
493 1715
153 371
1010 1627
1646 819
162 1411
1638 1635
840 1566
1682 103
1603 1903
1697 1094
786 1609
605 604
968 1651
248 1704
1552 670
1884 73
1489 1070
1963 495
1201 189
1835 1563
1870 1921
1803 636
1200 1135
459 1289
26 1317
28 1337
1892 304
1365 1797
1382 446
1530 632
560 1870
1577 755
534 1920
21 1297
57 84
1886 775
1052 1312
1148 947
603 676
1954 982
620 1364
153 800
1248 278
1752 283
1216 168
1793 1151
373 922
1735 1536
39 300
325 1690
1259 871
39 595
1991 760
588 730
510 1944
465 827
1950 328
1862 584
346 788
1532 919
1315 1124
688 696
413 86
302 1897
1671 721
1245 144
970 863
410 727
1266 1966
1639 1577
660 119
1755 162
1969 1273
142 616
493 638
37 1598
1882 1645
641 1841
1323 985
1476 1037
991 737
493 898
1670 687
1710 1813
895 1238
1053 1727
1478 441
148 4
307 1316
933 1090
548 662
1414 1207
538 33
903 670
142 1763
778 1018
1751 901
1937 683
1921 1949
341 1156
1319 627
1345 1255
540 944
540 143
1954 1946
815 1204
191 588
938 1186
214 700
1974 1449
580 618
655 1263
1462 101
1152 1113
347 288
1269 1100
1733 709
1974 846
645 1345
1852 1301
1451 133
26 962
1506 519
170 197
1687 353
363 697
1919 1092
1303 1018
1410 1389
625 1064
78 112
1615 184
550 441
653 1966
343 1845
449 447
210 1433
238 910
1955 1189
168 141
927 165
517 379
463 1636
277 572
154 581
862 1207
1052 1647
1776 971
393 628
1450 348
1705 379
1638 215
393 1552
1097 1753
88 893
1748 443
133 697
740 1164
166 1819
1665 1007
145 666
1606 1550
814 810
972 265
228 870
1658 1739
402 1753
1205 487
1370 1910
803 210
302 386
1520 74
661 1304
444 1750
1829 44
464 610
226 81
1603 1157
1246 1431
1512 151
1299 1201
1507 1403
53 517
1621 1380
1496 473
195 144
677 333
944 271
982 1364
174 1786
1096 17
1332 1830
125 199
1496 845
146 1077
370 515
378 837
904 592
1780 536
1477 1932
760 439
503 1459
21 785
1575 1646
1191 1497
1557 1017
1580 57
1639 1448
1580 302
1473 1436
1016 1088
1455 128
609 810
1126 1708
31 1983
1492 1981
1719 1547
98 21
201 1283
1993 891
888 199
1341 1647
1522 288
1966 345
1859 264
699 96
362 1970
739 1697
306 1419
1104 1322
639 1264
857 1250
259 1157
1955 258
805 1220
1150 998
866 1871
1413 413
880 978
1002 790
1632 1922
118 373
495 1855
562 709
1461 1990
146 1782
480 949
1319 1628
268 175
970 764
427 264
140 23
602 1445
610 757
390 1855
1017 1214
753 1449
1843 378
720 32
1351 1559
1118 1436
915 252
1992 690
1458 62
149 733
1926 1309
1128 1898
1500 1181
1383 1503
1687 166
169 126
1283 1946
297 685
1980 670
394 1949
1250 1235
906 1549
1112 1064
1003 1992
1083 613
463 911
1109 810
646 723
1528 691
643 182
776 657
1722 1712
1149 496
1356 1540
20 664
1825 1700
1953 910
1719 1357
1261 209
1222 466
880 47
95 319
1788 1271
624 1974
1973 1920
37 1542
1283 823
1367 1287
1555 1918
1743 1225
1714 1249
1665 1119
677 1952
810 1597
1895 211
925 1195
1464 896
1224 1648
1706 276
299 1483
833 1597
1126 1991
1558 279
107 427
372 970
1397 1689
1298 913
52 353
1718 1124
1617 1374
88 1473
930 556
1494 8
1604 1574
1832 13
792 1823
516 4
1879 318
1299 144
1463 693
445 155
1926 1970
1283 434
1416 372
1789 282
722 1741
53 258
1990 1607
408 62
344 1666
1246 1290
1489 953
1447 980
975 1209
516 976
83 621
1701 827
599 164
1274 989
92 81
1924 63
1888 1177
1662 669
1435 875
1082 1619
1315 700
1470 1924
484 458
1516 1291
861 1584
1731 1906
1126 779
879 1762
1679 1692
1704 1665
1551 1661
1461 184
1199 776
1019 600
1882 260
652 1281
413 1225
694 767
1095 321
113 337
1658 771
1883 1672
1051 1572
423 1998
950 1516
508 802
1672 523
1709 154
1675 6
1180 971
1571 1539
500 187
276 958
1643 1514
813 1515
1488 1860
1490 1797
1544 307
931 227
903 578
1219 1457
1316 1008
858 910
1733 560
682 289
591 1978
1643 748
1874 804
311 91
572 615
1015 1823
1678 312
547 1198
125 855
847 955
1787 1062
1485 141
1934 916
1710 1481
992 155
23 263
532 890
607 363
306 1428
771 462
1748 1722
807 240
1687 1445
1192 1722
185 6
1749 1852
847 274
1241 1021
1643 848
340 1297
35 700
972 1871
1970 1449
261 1400
445 738
475 1671
692 1246
879 1525
1751 526
281 1149
1432 400
919 266
448 1292
1832 75
992 1235
666 1094
811 895
1416 1036
512 605
1488 1869
979 1767
1923 1789
941 1036
240 1549
1189 1629
951 1843
228 1903
1316 96
571 1630
504 1411
1537 1948
197 76
190 1316
1300 1675
350 856
700 1796
1850 1212
1968 1344
1465 1122
1829 336
162 1328
1409 188
701 110
666 1062
1112 1279
449 1139
1626 825
1751 520
182 1982
113 1141
1460 1547
1515 1435
1755 791
1167 821
1422 871
716 567
1582 1406
1556 1389
1451 128
465 1412
1312 1595
1447 74
591 566
731 1653
559 1788
1123 1636
826 199
661 360
1253 244
1944 1918
801 926
1448 437
1950 922
1002 1870
1950 1563
485 46
1901 158
134 1223
146 29
1715 1220
1079 267
1665 1603
1124 324
1923 1320
752 144
1886 1734
1364 1988
1703 52
471 784
1077 657
546 676
1904 331
1604 152
552 794
1456 1374
146 1123
1113 1276
1435 751
548 964
36 772
1917 133
781 1067
493 846
1510 390
1851 1358
1375 1911
1275 455
681 836
1161 636
1535 498
1641 477
1733 1097
1386 1947
1906 945
204 1502
986 52
222 1754
1044 737
1576 737
1200 784
826 1360
704 735
1638 501
1728 1133
1050 66
1207 1696
1569 1871
1985 1287
