1993 2000
192 122
1088 193
25 794
732 687
1509 1059
70 1308
1922 826
81 1140
997 1843
1049 386
670 816
202 1226
612 151
968 126
1323 1288
869 1621
1116 56
619 864
318 49
1980 448
1913 1787
1265 353
202 1543
994 1253
1548 1353
1848 787
1584 976
1332 1009
783 404
1605 1825
483 1774
1462 799
1524 325
1875 519
695 405
870 86
865 1406
186 1263
172 1882
1633 702
635 1888
1543 953
1061 1865
1632 1176
1870 1828
1091 1413
1342 612
1770 53
361 1965
908 1750
526 674
536 1400
40 832
1080 1980
236 818
84 979
495 489
100 1473
1680 1202
1495 1991
72 616
458 1013
937 1572
584 1038
1882 1968
95 1045
719 1617
1597 881
1323 451
1720 1326
447 1081
811 75
1886 776
502 343
1822 1419
1037 770
126 113
775 690
1101 1299
1981 514
300 1917
1138 289
39 644
512 1241
65 203
435 1657
1584 824
1588 757
923 571
1591 774
1500 673
875 1781
422 43
746 444
196 519
1800 158
1361 586
1568 1072
1610 1906
14 172
859 967
951 407
91 176
475 1220
1356 872
126 368
165 1786
1094 1302
914 1774
1675 1599
1836 398
103 1206
1230 377
1152 452
828 1713
612 806
1513 1087
1046 353
680 149
431 632
51 1498
1342 1136
1115 75
211 1972
227 1887
283 1792
849 394
1158 1647
1096 159
352 404
1201 1375
1199 1872
893 1450
1559 24
452 395
1361 550
153 1079
1616 612
410 1861
1561 1667
688 1959
972 1241
1412 67
1418 1887
248 1351
1132 1644
1948 501
273 124
564 245
854 1534
1338 594
308 1712
1472 582
1703 710
569 1804
1109 1954
1899 1477
1942 1451
1871 930
92 398
1794 273
808 1692
724 19
37 1301
858 876
426 1283
1585 612
1170 1622
1806 1717
1920 1340
1505 1233
1962 660
917 1522
2 1378
1540 547
1682 1541
1151 1438
1596 1431
140 555
127 58
727 1237
808 1882
596 465
175 1319
258 1542
1915 1405
39 1550
507 186
1199 1616
1051 1016
360 1307
269 169
1770 464
387 1153
1053 216
495 157
982 996
1366 1082
400 49
1648 1057
1923 998
1379 1606
370 923
1372 611
1770 1391
1295 1143
628 1797
974 1951
1280 1102
1591 844
1396 1231
525 1010
750 351
291 568
1328 863
767 1233
258 989
1390 936
1237 1963
146 338
1384 563
379 199
1520 385
1782 1534
1186 709
682 1023
1770 105
753 424
455 1210
161 556
170 807
209 396
102 1368
1162 594
1264 936
1507 16
414 730
1001 268
1944 1102
1841 226
1666 1432
889 1782
869 1386
1759 268
1694 1754
1205 438
1383 1967
277 1190
118 1136
1038 1244
495 1370
788 1234
1827 1836
1073 1201
713 1539
700 1725
437 1207
1981 939
1818 1595
1160 1110
1937 1327
132 1859
4 136
8 1803
837 1708
977 1167
34 1009
47 541
1824 1944
1756 1235
826 301
1825 1426
657 803
1880 1766
205 1689
1453 661
424 1919
110 1015
1155 1448
587 1163
1424 1353
1217 293
852 144
1350 1961
69 1848
1611 975
1353 565
546 543
1499 530
876 521
828 316
406 1129
1251 725
915 339
416 1988
286 483
1016 53
1839 472
558 358
694 50
297 1104
1495 750
1694 1813
1157 1574
728 1013
182 305
422 1922
1730 1894
1373 316
228 530
656 568
195 1611
557 1395
1159 799
317 97
1116 672
1676 415
778 687
982 35
1759 1195
34 285
342 1797
1840 221
1327 785
1916 774
1589 714
1676 1337
867 1788
2 1192
1407 221
970 1985
1211 293
1185 1229
918 1281
1773 100
466 1065
1873 1326
658 556
453 1569
180 777
1428 875
1346 1787
943 371
394 176
1338 620
1264 475
1469 926
1726 1373
1849 1803
984 964
1025 944
35 542
1208 49
1524 1404
810 1865
861 986
560 1320
826 602
871 404
857 581
943 1173
1131 78
985 1879
692 1267
1986 1011
1625 1136
1542 1826
1807 765
1188 288
399 1861
1116 1954
1620 1976
238 1163
432 107
106 1422
1019 1310
620 1769
1841 1059
788 1907
1875 612
615 672
1008 348
1381 611
626 1595
1966 250
1517 185
230 1218
1780 942
1875 884
649 1290
1267 193
469 598
699 1362
1317 1670
1780 1552
374 799
912 1308
1605 1370
1949 1606
1686 1702
228 756
1886 951
1846 1353
508 677
1178 1285
1548 1602
167 1253
1332 402
964 1431
1922 989
1362 1163
1508 285
1324 72
1361 385
961 1197
267 444
1156 545
1850 1598
1414 1622
902 184
513 1308
115 500
634 1727
32 786
1469 1932
487 1736
947 334
809 1679
294 1762
648 301
1521 674
1652 579
1979 1500
541 1490
1294 1888
1757 1062
1460 381
1649 1790
82 636
536 87
948 1459
1810 1397
1393 308
954 963
1215 194
1377 18
1734 1900
1799 830
1385 1505
1366 1398
1028 1731
1674 401
1501 1990
241 408
492 346
1915 1280
840 1319
1256 772
1178 504
1973 1237
1409 1700
11 1717
1922 409
1025 1973
1002 455
171 751
670 697
1003 1860
1867 144
1450 661
1800 998
1250 1060
424 641
1482 44
761 475
682 1861
1645 1774
471 1843
1070 248
1803 1302
1058 247
5 320
270 590
81 1786
1830 247
540 1033
1846 1243
1879 1109
100 956
363 334
1612 834
1953 1426
681 236
1499 1577
875 1068
1748 625
1349 3
263 153
323 1098
1539 45
913 1808
1986 1515
1184 1914
92 422
1316 1923
277 656
652 662
1342 1244
1370 694
1365 1081
989 1883
908 1663
886 1553
1509 1351
1480 851
1146 1889
264 1089
760 632
599 1018
389 846
1818 1218
192 1396
674 300
1555 1966
8 681
1207 1554
559 728
15 1086
1856 1966
843 930
1089 63
1356 706
1499 757
1057 1689
1740 874
837 589
1734 1429
1049 249
1373 251
1178 418
1603 1371
1863 1993
93 725
541 1097
1318 1038
778 1932
324 945
955 19
175 787
1129 1287
1930 254
1333 1883
1269 1287
628 818
1513 1210
1885 976
505 253
1594 364
1354 1027
1222 257
3 1017
1407 891
1768 1162
557 650
560 834
422 453
1211 1772
1817 279
553 1252
578 85
795 1859
1876 255
96 946
719 1939
924 1248
944 1522
234 1529
1311 1272
1958 730
443 751
1761 641
1495 1197
314 1555
475 534
244 1491
1845 1745
1801 168
544 1878
174 1277
1054 1532
948 677
192 539
1478 347
257 606
592 1027
1139 1444
1148 781
389 952
1683 1418
1685 1553
1380 496
678 780
204 1742
1014 419
1823 1892
1449 983
113 1084
1583 233
1523 756
678 646
1696 521
1937 162
439 1710
711 1818
466 1625
523 622
798 698
1490 714
1939 1503
1708 986
209 576
367 1024
1022 1244
607 1823
702 1213
1085 292
505 176
46 1021
775 1346
93 300
1152 1723
68 1387
1118 561
28 1525
280 345
771 555
1043 1067
429 522
612 1125
1625 214
978 1194
1694 1721
1578 403
1037 149
682 1483
1296 1052
737 1194
1639 1600
195 1879
1645 405
1991 929
946 438
1070 600
1051 563
1941 934
435 107
989 684
1886 1338
1605 1806
8 875
1753 1088
1076 1634
1350 1327
1229 308
1824 779
1338 156
1348 687
226 1282
1186 379
93 1678
1335 474
386 87
882 75
1078 1419
255 1522
812 987
1512 405
1698 810
1639 750
664 1378
1377 1137
129 1932
1764 986
363 392
466 1815
1363 533
1376 251
1789 1839
1052 402
1964 1818
1316 1068
165 1257
1262 1089
1018 856
1526 249
229 830
1165 1257
1115 1793
320 232
180 1778
1989 1361
811 1020
277 1574
1713 1976
245 1911
310 358
1337 475
420 1774
1521 1705
1521 1146
1514 1528
1197 640
1561 946
1831 886
1872 1299
533 149
1462 1598
1831 1339
1414 1563
329 346
1321 1993
1278 903
255 1426
1669 530
421 679
988 553
1651 876
222 1321
314 987
1463 1383
157 856
1591 1921
1594 359
631 471
928 1927
362 450
912 1600
1514 1378
916 1451
476 1498
966 1635
834 1659
1752 1606
1479 529
966 128
1463 745
1661 404
57 1494
1397 590
307 1970
127 994
1560 445
1795 1923
409 124
1256 1252
127 1821
958 747
1036 335
1837 380
835 1190
1800 1662
717 581
1440 417
336 1348
1526 841
1574 97
1103 429
1001 428
637 2
98 1498
1025 659
566 1108
601 856
899 619
896 1953
432 1117
1851 1288
1120 65
682 526
435 932
393 437
358 1935
650 632
92 1848
1454 515
255 150
228 395
1293 1111
753 204
1666 329
557 222
182 1067
1134 1697
1869 715
239 886
1573 225
475 1477
1361 749
370 1272
491 1146
923 993
1538 1346
832 810
1545 1662
693 164
1884 380
369 1508
38 1389
1698 464
623 1991
165 822
1115 1050
1693 1260
474 707
713 747
158 45
796 691
1119 1241
689 805
1959 563
116 1946
1074 1910
1774 850
822 1750
101 1361
1618 760
1975 1281
1605 615
1986 1534
1433 1941
1139 858
426 454
1161 1459
357 952
366 696
896 1575
909 856
1894 850
1183 993
95 445
211 1923
762 1816
834 710
1052 1826
1660 42
1825 184
1423 1167
358 1307
1417 884
570 451
1134 1746
597 1889
207 439
205 1495
182 649
1796 1878
1147 1912
1002 1801
1050 609
531 886
857 1361
207 685
1203 1783
1980 211
625 710
665 188
1362 1712
1361 1734
1237 1265
387 770
1107 888
994 1305
1883 1697
1676 1689
623 1172
1350 931
1409 1218
1962 404
965 1429
651 1433
1272 522
671 1281
324 59
381 1702
1761 504
1872 1424
685 371
1918 1564
1849 863
1433 1249
660 471
36 1607
1886 976
1342 280
252 994
306 995
508 1754
145 534
1922 1249
1717 1829
1501 573
689 670
1541 957
156 1545
1577 636
341 278
1599 1286
433 1622
1569 787
1190 749
1682 743
1791 1008
1266 1211
983 855
1527 107
382 318
981 275
1812 508
269 1369
1523 1783
1667 1865
363 978
1716 1856
1316 929
917 729
1308 232
1134 847
915 1206
403 1192
637 1204
1264 887
827 606
1242 1016
483 1242
1266 844
1591 1602
884 1110
212 1232
400 1896
1865 1776
1425 1153
767 1797
1350 991
352 1842
1628 1574
991 586
922 776
1666 226
1565 1597
637 1617
177 1642
1695 1461
1736 1279
1107 1792
809 1579
1668 122
852 1389
349 1829
1168 1564
880 1207
1027 588
1676 170
921 221
287 1090
1186 730
1716 1315
242 1747
1488 1990
1329 937
1565 252
1586 685
1867 661
1268 1258
1927 1598
1667 1299
828 519
536 1196
154 1491
1302 850
57 1977
578 356
558 1027
1914 1869
1188 1765
319 856
1496 303
712 730
1847 722
1796 253
483 1783
1859 308
1838 994
1497 717
1588 589
809 821
1315 1138
1632 23
590 1426
1149 1017
397 1098
408 1031
368 1040
1443 1615
1246 1923
1402 1682
489 1694
344 1078
429 708
1514 213
1886 1830
503 526
1053 636
92 1167
57 1892
1845 1787
6 1466
381 1388
1914 696
737 1065
1523 206
1024 761
1427 1348
676 780
1535 232
18 1842
1537 234
798 1378
826 1401
365 1036
466 907
17 790
1178 904
401 1672
1213 656
1402 675
1235 300
711 941
1307 1969
1680 285
1089 1243
1726 556
608 335
1842 1494
688 862
553 408
1648 1483
948 697
1920 947
111 1408
193 979
601 1292
1717 952
968 861
1050 79
648 1662
913 1438
1669 1347
195 1196
1584 1890
948 246
1767 750
682 942
1496 1985
682 936
397 128
1822 89
993 502
921 954
1706 1740
315 1017
91 677
803 537
1838 729
1613 32
869 762
1638 1781
660 773
213 750
1447 304
1430 837
1653 1631
1618 1093
445 1388
813 1766
1298 1470
1518 1921
1751 1505
1756 1049
1948 137
549 1969
699 1093
1389 356
48 152
623 754
539 1444
984 1216
758 891
1370 556
1012 536
290 176
1042 1077
665 1321
541 222
1266 414
1460 159
1182 1244
382 1798
1583 916
741 762
198 1979
1342 422
1070 700
1814 1888
375 445
1085 1800
495 1787
1217 1547
319 1784
239 396
651 1340
1425 1044
1051 392
494 529
1168 1167
1343 1632
1528 1395
124 1926
71 251
441 1522
730 1776
1077 1344
1897 926
992 924
599 7
1063 94
1274 1870
1979 443
1788 1809
1404 130
1011 11
187 1055
57 683
307 149
187 462
1352 455
755 559
759 1678
1915 277
1058 1558
1688 439
378 500
96 436
1654 994
1053 1720
547 538
198 456
899 1019
712 1143
1674 1094
1233 787
209 1238
713 1941
385 1133
1542 512
133 1901
1728 1657
1240 1709
1423 628
1838 1608
1960 1786
692 82
246 149
1132 50
1014 1149
421 363
1827 1743
267 625
628 554
1053 1140
1964 669
1707 448
129 250
822 1059
859 1989
1016 478
126 1421
1527 1291
141 247
1929 919
201 567
317 1771
492 1845
1071 1643
236 171
1523 446
1626 1416
227 143
280 1526
1603 1621
204 108
1410 1034
1647 50
1592 1011
727 370
1319 1135
781 105
363 890
704 884
94 1470
762 1721
815 1690
969 579
1008 1960
1358 1137
185 347
861 1263
1544 1743
676 1487
427 356
175 1700
1012 1556
778 1783
107 326
243 50
316 823
585 1766
1830 539
1688 498
1485 1034
1810 491
44 1798
1891 641
572 1089
1105 1235
1296 1420
1123 1249
857 455
997 911
1333 1441
1512 589
359 1477
618 33
595 579
1085 706
1789 1219
177 221
281 1615
317 1874
238 880
1621 714
542 1717
549 890
914 1108
696 1234
1705 630
219 2
83 533
144 6
1594 1440
365 1392
1416 1993
1663 1923
621 394
1346 1704
1160 270
263 624
384 199
832 1445
1060 484
1677 94
804 1501
1025 1231
1713 722
155 940
1716 1153
1004 512
1078 1369
1262 670
981 1878
17 734
1802 166
875 1738
574 782
368 1187
1604 297
577 1593
382 576
1174 1797
605 1480
959 1777
1513 780
1836 1339
928 1421
1816 1778
1648 1082
1685 1635
907 1881
1728 1754
89 969
140 1444
642 1321
997 961
843 405
140 812
1547 1333
804 940
1701 714
868 1300
755 217
1121 1069
1537 153
1156 1520
798 547
806 1401
1432 171
875 220
146 1448
1628 1967
942 579
115 955
1506 903
1978 138
8 795
1266 1839
688 1440
1430 1114
309 1216
1291 307
795 249
1196 417
1270 1479
1158 1061
113 998
1807 863
1422 395
1290 509
420 358
436 523
1462 687
1982 1628
187 526
935 1915
1222 1087
1156 828
412 769
1650 1621
325 701
610 666
1788 404
1908 1102
1355 60
1934 76
411 1195
76 562
411 1226
1651 1535
344 1165
827 1323
1113 843
665 1749
845 38
1626 1662
1908 1035
798 162
820 1490
652 1108
22 927
1008 458
1863 1492
1012 723
416 1888
870 125
344 1564
900 179
1759 213
1119 108
668 977
1944 588
233 48
1912 1441
856 340
112 1644
811 470
94 351
205 1498
1069 1233
896 50
1781 1442
1654 509
132 1909
1358 1602
959 571
938 103
84 1658
685 64
175 325
933 783
565 976
705 1513
1501 689
1436 88
401 1432
831 100
463 1379
1535 1499
330 1554
1396 1801
1767 588
1631 1132
1948 1579
1702 1161
627 1706
1418 72
260 1385
828 770
918 848
651 32
73 509
963 738
559 993
215 475
1627 1352
412 1457
896 1693
1816 1750
1167 1247
1597 1277
8 191
577 344
1481 1221
717 1192
842 459
731 754
866 71
224 295
756 642
1515 424
852 127
1043 54
1547 706
83 1985
1802 1303
581 1660
165 528
584 1600
1805 138
216 1522
1500 636
705 1348
202 828
447 1679
1094 1805
1365 98
1443 1049
1303 1263
781 530
745 1218
993 1406
545 1539
1925 1452
1662 1868
1402 503
914 1908
691 787
645 602
1350 312
121 1441
1705 281
475 1641
645 1899
1224 1923
1271 1727
1310 1090
388 1811
1521 447
321 1424
1230 1868
1197 743
1920 1192
503 710
1101 1894
1653 254
740 1626
1376 1795
1988 415
1478 548
939 1883
1863 1813
1446 710
578 214
305 647
1403 1899
1982 1905
379 622
1823 575
614 1984
1613 784
1716 1630
135 512
1224 63
1521 611
1800 1804
296 1944
833 1530
889 1810
856 1133
1616 1744
1574 664
1160 310
1070 161
380 1659
97 1061
981 1470
1456 320
387 395
880 125
1063 1882
1479 460
531 1342
922 1088
1780 1569
91 1212
1279 774
1588 1672
532 500
1335 526
1160 1157
540 455
489 1981
1575 1785
1114 1782
313 1836
755 307
84 1226
1570 1679
1730 1975
1486 1015
272 642
1412 1284
1250 56
1881 471
242 1781
819 563
791 562
1206 1754
388 176
1129 758
1587 1902
1743 701
701 455
866 1078
1649 636
1899 1133
1360 782
1153 1135
286 1107
96 1544
804 1805
1733 1821
1205 1881
1420 1762
1603 1080
422 147
216 246
1407 1288
469 1538
621 207
798 1707
858 1793
425 1029
15 1194
465 1170
1449 1911
1136 1657
230 214
1817 1040
445 322
1179 1309
1887 960
200 1180
649 1904
1029 480
40 1357
896 400
1740 395
1413 1244
1828 1487
1188 531
1119 1214
1491 1429
950 738
951 1661
925 1506
1920 1008
1565 1485
723 949
540 1445
494 878
634 694
510 632
1361 1141
1501 1208
1555 1274
987 1133
1404 843
272 76
613 1390
1626 1858
218 1590
276 976
166 1322
43 1439
1693 1945
211 1731
1377 465
1673 764
380 1793
1466 786
417 1895
160 663
1854 672
1717 1898
1832 1309
861 669
310 28
1160 1208
501 1423
585 1350
1428 635
1810 1730
1545 1624
399 640
1708 1172
1587 108
807 427
1824 1047
1157 532
1628 1407
20 1388
1958 1544
519 1750
202 424
1907 1945
920 1208
1603 848
882 1407
367 1577
689 21
1226 716
925 1279
1907 500
778 170
1594 1925
992 361
1751 1741
1823 1816
483 1661
1765 484
1711 1016
1732 1611
859 1209
1975 1687
1463 710
613 1677
97 199
1633 1699
1583 661
1413 1143
1342 1619
1535 691
519 27
1295 744
1408 27
40 1664
1827 692
961 916
1841 1777
1434 1435
1964 1779
703 1219
1875 1347
857 1981
2 1171
1393 108
1985 16
1986 1784
532 386
1444 885
835 1066
118 1301
1109 841
1832 374
96 1957
572 1038
116 293
498 1800
531 1932
1345 848
284 1164
739 745
1698 266
1008 316
1579 234
597 1050
698 716
1098 1233
1749 245
1119 1534
1636 1620
1313 530
1253 782
107 1904
491 143
1769 1273
503 532
620 437
101 1760
1890 1079
1100 88
1027 1737
1396 1658
1794 1776
116 716
248 1885
559 1437
514 715
859 1730
1123 175
133 1163
180 1527
1045 1620
1228 746
889 1953
532 9
123 374
581 1239
1591 37
696 1143
344 1073
244 1149
875 278
615 171
1807 669
1449 459
754 37
1144 224
201 13
141 1306
7 113
1005 112
1528 1388
1453 1910
1846 340
254 271
1610 407
9 1811
881 1112
291 53
1361 184
30 1525
1197 245
1859 1558
1639 810
771 132
183 1926
1674 1725
1432 775
764 480
1006 1727
1751 1557
1908 1250
17 559
702 340
1129 493
908 779
1565 388
1546 807
803 1281
575 874
1211 1852
1568 1955
737 1944
1683 1944
296 1513
38 602
1021 379
310 1552
1082 969
1991 455
537 998
1567 1972
1181 1491
778 746
761 1965
1623 1821
1078 1630
1065 1749
1669 1054
1913 446
708 642
1523 1446
282 384
671 1470
1455 253
1420 1323
200 874
1902 723
1322 945
1343 12
294 568
882 693
1695 1632
1311 1722
893 662
290 270
1784 1431
1367 1711
1350 938
1187 1569
567 1582
1884 409
1325 1084
835 586
1719 1967
719 1262
1875 810
1530 1952
429 1528
593 491
400 380
1801 99
1449 401
748 1764
1616 1171
1026 1728
585 1751
202 1981
412 922
243 1108
216 1111
1831 1113
1653 1626
1203 183
1237 1623
1639 873
1013 720
1081 1320
733 841
1604 349
1879 1073
1043 268
1854 1206
715 714
1014 1106
1188 1904
368 1850
1328 673
1492 1513
1306 1754
1023 156
718 311
1948 1768
623 973
51 1880
1634 1916
502 1792
677 863
1768 171
1949 1629
1806 1541
416 673
1053 1462
1153 63
890 1244
1718 791
1761 988
312 934
1058 700
578 1136
1716 761
416 714
1005 1467
534 1438
113 886
833 1060
1729 509
1155 704
508 243
430 907
820 540
667 423
1118 1439
1373 730
51 1884
1419 1240
688 956
766 1579
494 1557
1540 1267
1057 720
612 1711
1880 271
423 517
812 709
74 746
154 207
1414 521
406 886
1881 1233
1547 1926
122 579
401 940
928 1120
1434 928
860 563
699 584
310 1239
1880 193
1810 1233
872 1244
831 957
1207 265
1047 743
709 285
1196 479
1859 538
1574 1626
47 1238
27 405
1161 1522
997 1859
838 1173
211 1254
1453 266
889 283
1852 294
1885 455
937 1737
1005 807
1100 281
1171 1046
1475 1278
1338 772
1618 584
1454 721
1324 238
1905 105
1780 1305
463 1252
1581 1730
859 903
319 185
999 234
310 308
657 973
995 1279
1921 1218
607 1202
1365 1451
1773 1299
508 1638
821 1659
1992 646
1376 982
1374 1406
1391 1945
26 1853
1583 455
959 1244
1045 1224
859 1568
593 1202
991 969
831 446
106 232
375 1885
1486 926
914 216
1338 347
141 1462
1251 170
1432 87
445 1400
552 1174
1025 528
1550 1781
254 543
1190 337
1508 666
237 527
204 1117
1128 11
1680 1598
982 1816
1132 1006
1290 1429
953 1239
1748 1252
322 308
531 1062
