1995 2000
1097 1060
1893 852
64 1703
1543 1964
1533 1821
1675 1161
110 1063
306 84
1285 26
332 1028
1715 1591
324 1175
862 680
501 1131
357 676
342 572
431 606
1332 1911
968 857
1561 15
823 1137
1522 191
319 828
1528 1427
1607 1028
1563 544
648 609
607 1183
1714 803
608 898
1585 632
1028 985
1974 604
1245 740
916 1784
1061 1313
1030 999
701 130
1293 1977
1736 1066
1004 1855
164 879
1012 455
352 490
1479 1397
913 46
1580 1564
327 362
1440 267
1915 796
775 1803
1397 1641
136 1592
1447 1712
1320 147
1970 1367
445 1684
842 1236
481 767
1057 50
1632 571
282 1314
1275 91
336 963
185 1862
1918 1130
226 94
245 1194
1821 1505
1718 296
506 351
1748 1758
510 1916
1543 977
337 922
816 1407
242 85
285 461
1605 1779
372 678
213 1866
1293 1928
646 1703
374 1914
1213 1122
1390 887
632 1234
226 246
818 1396
270 1688
1152 671
1066 489
653 618
860 815
974 1568
918 1423
1760 1008
1704 1177
242 230
1861 1770
1766 112
1845 639
1987 1670
1207 1542
681 1654
1833 669
585 792
829 1474
1169 1695
1603 992
935 302
1558 34
1408 775
1173 1866
1160 813
1741 920
1133 1108
192 1533
215 462
1022 956
1090 497
928 42
167 726
1637 1676
1676 1638
1707 1363
1564 1717
1628 975
970 1838
839 180
1973 1981
113 212
1254 927
1217 263
1950 1588
306 1059
1592 1119
1885 945
219 1762
1557 1355
866 556
994 1570
1508 1971
408 1448
1209 1868
720 1552
81 1954
832 1734
26 1979
309 1114
803 1428
535 1518
361 874
1126 1699
1540 507
324 1559
1610 1783
818 1649
322 817
1817 923
79 1672
660 1397
621 65
88 46
51 1852
1170 29
705 1312
1170 113
1002 1529
1103 1683
1347 12
258 318
660 1981
242 213
1212 1880
1607 451
42 497
1472 1517
732 338
1253 69
239 1189
1592 198
635 1893
1087 1516
53 12
235 1655
1010 361
217 1013
1311 1312
986 789
164 1257
1618 1775
1627 204
1917 234
246 12
1261 544
275 461
725 1032
704 1156
1223 16
776 1779
731 854
952 574
466 680
1508 1110
1718 376
1919 47
1214 1284
580 657
713 828
1785 1422
1578 1550
1057 1400
853 1609
1021 999
18 481
1653 1356
1855 82
239 1337
535 2
1482 1610
1745 429
1612 198
389 740
819 744
1947 228
1265 1160
77 1878
33 212
1582 461
452 109
1285 1304
1015 16
1371 1135
615 578
32 1433
909 414
713 656
93 547
1472 1288
908 148
234 971
27 833
1654 132
1353 1518
1076 1348
160 165
1105 1914
187 76
705 1162
1115 1360
13 301
1686 1837
1962 1857
1468 409
1531 1069
846 473
1985 434
1256 1382
1605 821
1114 1346
274 180
945 1726
23 1550
625 193
232 1020
297 267
996 1281
1051 1207
381 1610
1357 797
118 853
687 1966
1681 1221
487 1485
1842 821
816 1569
726 1384
906 809
1671 1397
1309 400
539 1075
243 113
624 1845
965 821
573 1249
1224 354
453 279
57 1483
412 1686
101 1547
1282 1984
1085 946
1168 1659
77 1585
1408 1630
187 1
1600 361
838 1231
1103 186
1869 1223
563 641
1332 329
730 1838
1472 370
962 1900
274 1374
1327 172
1290 589
1373 1823
660 84
1270 1399
650 1455
203 1675
450 941
1962 413
1243 1930
1345 1796
1424 805
1924 1421
1889 487
1389 1624
1586 1707
162 1439
1598 1379
927 204
1840 245
137 410
634 658
1670 1376
887 341
640 1038
651 942
1666 1050
143 148
1486 1343
844 1074
447 1214
226 289
189 1047
334 1312
1986 520
1653 216
1956 1988
1112 1854
1970 1022
1340 417
1893 1141
1124 1125
182 578
1751 1330
1192 260
1615 93
1536 1249
648 1266
146 671
551 204
1596 1050
1660 475
1714 982
885 1873
1304 991
470 1880
1275 414
840 1630
666 1274
1353 301
373 1769
1603 1838
777 1205
1611 838
461 1614
891 88
910 8
463 1255
1533 1348
1383 1500
1079 1207
930 1112
1899 944
1842 1633
955 972
103 391
203 1089
738 1022
811 1376
526 647
1100 1624
1704 487
1493 1297
858 1221
275 270
1844 1008
220 1804
775 1296
1351 489
1036 1151
34 1963
1447 1358
1233 1400
1054 1719
881 1727
292 673
1344 1284
1352 1139
1368 1100
1613 1333
1025 953
735 848
952 1922
684 1309
1167 886
523 1594
859 1174
1969 1
185 1065
980 499
529 972
170 96
1786 1728
1511 374
1314 1491
383 880
99 1888
747 95
1771 1907
1292 790
1265 1464
137 616
1519 647
941 1421
1762 1403
369 505
737 1
1332 1698
1658 160
1340 1359
1153 1077
1928 1707
1846 593
753 814
1879 657
326 1003
76 1926
299 253
447 902
1536 378
1461 1029
1269 1291
607 503
1296 1000
330 1395
359 980
101 1545
577 1443
481 788
192 244
1406 141
450 423
457 1723
1430 1048
111 1234
1089 364
205 1657
1135 213
1104 333
398 456
1952 97
193 1207
1062 374
919 882
1558 1106
1916 1346
625 72
1967 1594
1390 230
664 544
330 1469
1990 1757
1342 475
994 1667
1128 1407
959 1845
1064 156
1522 1416
1731 244
710 727
107 428
1198 502
1632 1808
599 1934
238 784
1949 154
1420 1757
476 926
696 478
243 1136
1460 1217
624 1020
549 1211
274 868
834 304
309 696
543 172
1811 390
268 1963
1889 513
1167 1672
753 1804
997 587
924 266
697 413
608 347
287 39
1506 616
795 317
302 1539
175 1060
1908 525
1326 1043
206 1540
28 1093
56 1883
448 545
1574 1703
1068 570
1155 1588
436 260
1872 434
458 756
1083 942
1241 807
1610 889
60 473
1923 1260
54 1189
1165 404
1450 401
1681 1463
1747 1725
1282 1851
238 779
452 1706
282 253
732 285
1659 1882
1553 635
1965 719
1469 189
28 295
408 1797
1680 429
56 1614
482 656
1066 1199
1917 23
1992 1577
1579 750
330 1607
535 389
1223 20
1651 64
30 237
985 1068
1302 136
1368 1775
1959 1177
1166 622
287 525
1804 1038
1850 644
1085 178
1931 1905
1908 1663
492 1085
310 1374
1567 1766
1766 1721
1311 1434
143 1779
385 11
1903 292
651 827
254 82
912 1029
388 919
120 597
895 867
1685 1875
498 1757
1225 55
21 1730
593 1159
1543 91
1056 1335
1552 829
10 118
759 953
207 1851
631 320
453 1831
985 1600
551 907
1720 474
935 1042
1882 1400
924 1425
1102 869
1390 1642
1180 739
1546 1179
1477 1555
1664 1296
1889 427
10 1375
716 1272
968 1148
146 677
293 1594
1217 939
697 704
1618 359
1615 992
785 97
1589 481
631 1824
1921 1002
839 484
1185 154
1554 1903
1864 946
928 671
881 1107
1984 209
1893 1654
1313 467
746 113
866 948
99 1711
1970 15
316 347
1652 1449
1813 1518
165 1044
343 662
1562 1768
1001 1483
34 1518
87 1547
33 618
1017 1888
842 1476
932 379
1145 567
998 1257
1087 1010
932 33
603 1443
195 546
165 1732
805 512
1921 1415
905 1357
143 565
1241 89
1488 864
624 1195
211 822
402 1145
1872 790
1179 231
780 1384
832 634
589 171
1085 1495
1906 1159
445 124
836 605
1584 1257
219 303
829 616
723 1691
1190 1549
1315 1286
84 88
729 723
1289 723
342 84
79 605
1773 1077
259 1578
1488 567
855 1454
1878 1527
1572 793
1026 1096
784 1248
1005 124
1561 1431
1859 1565
1040 1459
153 1291
716 872
280 1615
289 882
371 743
1897 94
382 745
1847 1231
1673 1396
884 598
422 1518
598 639
386 1708
1525 215
1774 637
1554 1799
1099 1459
1558 764
1674 1891
731 765
1264 1388
1840 533
232 1534
1237 1140
631 49
1469 1619
442 1758
176 1772
1914 1232
392 1961
1432 1325
1523 1962
1332 1321
653 163
1589 232
243 559
200 1876
684 1374
1726 17
821 112
1872 80
1170 456
666 1498
492 1434
754 1203
98 321
350 559
638 374
935 1000
323 1607
1470 1286
599 1560
1169 875
1609 105
372 1144
963 1633
1580 1728
825 1453
1371 1481
1465 1148
1587 1499
1879 1082
1036 1576
1176 1714
1817 1577
1401 1528
1908 1744
539 67
482 455
976 5
100 1226
455 1604
363 1123
838 854
1017 1513
1265 1821
1958 860
1084 93
1163 222
1762 341
1010 335
305 90
1163 1376
1836 1909
108 1334
82 821
1437 956
700 66
978 1335
798 790
1090 1459
865 1141
424 361
1488 550
762 612
324 1554
444 711
454 1185
282 589
1580 1111
1783 468
1134 399
222 1039
1709 993
1527 34
1653 1933
761 1288
742 1166
1612 1633
994 945
1836 1429
176 262
1727 1148
1184 1000
481 181
1413 1141
1183 1438
1713 1099
1330 1855
536 1600
1276 364
1369 878
158 262
855 837
535 171
1379 680
1257 1240
801 512
1653 1827
824 126
1310 147
629 292
1729 563
257 1775
31 247
458 1905
1004 241
634 1853
14 1975
446 75
1001 281
1842 1496
387 261
1621 1872
1959 683
1272 325
1704 1069
1490 304
1131 110
659 1481
993 1459
341 622
1855 119
1388 1791
1748 1856
317 668
1299 379
928 1796
745 855
1624 354
917 1718
1943 999
726 1888
1706 67
1974 1817
1964 579
909 560
93 1796
42 263
404 1541
180 1515
1799 178
232 179
537 304
1927 1900
1042 987
853 714
1422 1089
1171 28
674 1239
608 212
1708 1055
957 1641
346 977
1332 650
698 1960
1560 768
1334 1989
1804 326
79 1135
70 1948
13 124
1179 1307
858 1876
81 585
1173 1384
1127 21
1797 466
1794 1448
1417 1601
1294 1063
1538 1901
101 807
1574 1903
250 1338
103 1980
651 1400
1561 850
1074 987
1321 708
1078 80
1540 1944
894 220
1268 1124
103 126
720 1074
1758 435
1352 682
1508 570
624 894
806 1962
910 673
998 660
1153 562
77 833
543 789
157 256
1109 101
1331 1806
1856 1404
1289 17
593 789
1644 1272
1712 1544
1567 322
1497 1615
1320 1794
1256 1221
1685 763
824 533
1536 288
1902 612
1246 260
1037 331
446 370
700 381
1356 1421
777 652
1406 1612
1254 222
77 305
1645 673
1634 1062
516 1963
1257 1714
855 938
1938 1466
17 883
1061 1071
804 810
1499 1463
1884 756
1623 1699
1118 1496
688 1834
291 1141
1273 664
287 1557
1827 1491
1800 1853
1469 965
1912 19
1350 605
1717 1865
620 365
1252 1752
134 1940
934 39
220 1141
1715 50
981 270
310 458
1343 765
1314 1203
1204 972
1885 300
614 1537
1603 862
324 1012
110 1013
957 126
1478 246
1970 610
1023 94
1937 1194
107 308
737 168
445 1519
199 169
990 110
436 671
1373 1818
1416 1963
1394 1549
865 1000
1009 46
687 1230
1124 1854
1919 94
1100 1062
1653 1266
141 301
1226 1967
390 305
1028 1606
725 1557
674 1766
629 327
1792 65
797 1900
203 1956
1976 1638
1302 1459
928 1503
1515 74
578 691
741 1873
12 1449
1357 1559
1040 1636
1437 1374
958 321
522 855
1762 1161
1757 1929
1385 1456
1290 1575
369 1288
1932 946
1897 986
1482 1352
410 756
816 1314
1041 1005
1773 483
563 473
758 124
1022 1060
574 751
1701 1557
729 457
895 1184
1795 1439
54 1061
187 1909
1845 1027
654 817
657 984
1106 1064
519 1728
1619 91
887 1240
828 606
718 664
302 676
283 1368
225 732
1425 1796
747 1631
1525 1577
1401 478
885 281
351 1540
77 1564
1610 1046
580 862
1586 581
1681 1370
282 1943
1841 1856
1944 1239
859 1673
510 967
838 619
1275 545
1265 416
453 316
653 23
1461 1837
84 172
563 1565
23 1702
1339 616
984 1003
936 359
647 1274
183 12
1886 642
905 542
1101 406
239 1605
1343 1848
1190 788
1787 315
1678 1703
146 1323
1800 1085
223 528
57 416
1079 1928
1521 1901
1392 818
217 889
750 129
187 1706
864 1601
588 1134
206 1463
913 1493
1908 504
1973 313
1447 1730
1394 209
1584 641
1684 857
275 948
138 87
844 467
978 621
299 1141
1128 1074
1583 1010
1260 190
155 1622
1746 1027
1315 1812
1765 318
1080 682
1257 1135
76 1348
398 711
1889 1027
513 692
681 936
1655 1337
384 766
1666 1567
109 786
1814 650
1897 846
287 791
661 749
735 814
555 1295
103 145
1796 1856
1844 511
1340 1806
114 689
1707 863
1209 178
1102 749
1557 512
60 664
1134 1044
1709 227
1561 1869
1054 1360
751 566
1041 1652
1759 672
1420 657
1020 255
1737 922
1149 1377
1293 1177
1959 1011
1490 1049
1500 1987
343 1417
1633 520
219 264
1648 675
1585 1010
432 809
402 1703
742 508
1202 1692
283 804
1561 669
879 616
1213 127
179 1870
837 1806
193 1290
1369 798
689 1069
1166 1597
1682 115
985 1347
316 1010
1125 403
325 1295
974 642
1012 1569
1950 126
910 51
608 900
1368 1819
1840 1850
605 1092
381 40
220 1800
1987 84
552 838
289 1044
516 1864
1813 1463
1084 1796
441 1812
1664 173
1881 1828
615 1283
1497 16
1736 846
913 419
758 365
1401 1815
1977 218
135 122
1667 828
586 1756
1380 573
1619 1982
924 1469
1399 1435
1007 1124
1023 1374
1018 493
1872 356
1026 1308
1682 1547
417 871
1814 797
1730 889
597 621
1662 1400
164 471
1001 105
1432 912
222 1706
1814 299
1500 902
1213 442
1850 1537
29 53
1048 1510
308 1618
1923 717
1416 789
456 1895
274 1028
483 154
1446 661
1624 1295
597 1183
536 1722
989 800
303 761
1392 1381
1746 750
898 1130
588 1405
1677 792
1754 1753
208 209
824 156
651 1274
3 550
281 273
1483 1363
1375 234
664 184
264 854
270 804
347 131
309 1808
39 1661
49 429
1294 1638
332 856
533 1229
1032 1319
95 1799
812 1745
1032 817
745 1757
231 127
1470 1991
620 1203
841 1414
176 1276
1678 1237
1293 1095
1751 1120
1221 1474
3 803
1672 1624
1655 20
1275 779
1214 1723
1445 1710
1618 1258
29 1008
1255 184
967 1630
1051 1820
92 1834
1861 451
1438 1158
1923 723
918 1878
324 432
410 901
1180 1111
1542 1976
801 1244
476 896
1709 882
1708 202
667 1876
1640 1972
401 745
470 1451
1030 1082
182 683
1379 1298
1399 1055
1528 1003
1807 1355
460 1206
1453 743
1165 1174
1418 1321
1642 261
1959 748
1817 773
25 1992
917 1288
894 774
1230 1839
1750 1376
375 1255
1016 1557
1869 311
1324 986
1259 346
1369 632
1677 189
742 1373
921 354
366 683
1798 697
947 889
1010 1901
445 383
842 536
794 1568
945 1070
1745 240
1142 126
1610 953
1647 488
1846 1574
219 1120
619 284
681 1895
1215 1827
1176 327
1255 1920
55 1576
994 1462
1033 1188
454 469
1458 101
808 1619
843 154
44 4
201 946
1424 1654
1377 757
92 1337
1809 276
1042 1963
1328 1088
1024 732
1198 902
1729 1184
1152 1917
1082 490
804 1013
1529 1796
798 171
1746 87
552 892
1408 414
1574 1422
460 54
1101 1347
1546 1095
557 754
1237 1576
672 1577
726 268
1171 1368
246 1237
1357 1862
651 1576
1931 1103
831 1428
887 550
1755 1771
1055 996
1811 331
1144 1027
663 1606
759 544
1103 538
1829 1524
1677 1240
527 587
716 1323
408 1454
195 371
895 880
1465 1221
689 1648
1667 745
845 536
1528 1475
1554 1941
1798 1530
386 1880
92 74
274 212
962 1888
343 1867
1615 809
1227 305
262 124
1450 337
1589 339
1524 810
63 802
1369 174
476 1646
1707 175
810 1003
1243 493
117 447
448 47
1418 1345
1602 909
471 815
83 127
1500 1994
298 609
1202 210
1835 96
303 528
856 1948
197 48
1026 1048
1875 678
123 1076
1693 1732
329 1235
1890 1654
855 159
1149 724
783 784
538 1333
496 882
1118 302
637 1107
1270 741
920 1888
1598 246
1919 1069
931 843
388 1809
1180 1651
797 683
704 902
275 951
180 365
624 753
1201 65
1255 421
1228 148
1262 1657
176 58
208 508
782 1907
1609 768
1184 1619
137 1687
503 1085
1126 1547
309 429
668 1411
1990 509
1012 1321
1990 1899
960 1301
1132 1692
121 130
1600 1954
50 901
1385 1690
138 1688
1845 1405
1740 995
920 1455
909 581
613 1803
1871 1310
1475 633
99 1710
1984 1028
862 1463
1731 1637
1589 1181
1816 1315
104 1511
1821 1610
1533 228
255 272
1049 459
33 48
1574 626
1842 1631
1237 567
1992 1075
533 1822
946 1719
195 101
1522 702
610 198
203 166
575 1136
1172 354
677 1425
1984 980
624 1748
72 1978
1776 1012
1618 1376
1067 93
381 1560
1168 853
1239 1044
1121 1888
1948 1945
157 221
1949 1414
1948 1672
406 1434
800 1577
1278 1982
1746 454
833 1108
361 977
1269 426
527 1734
1791 292
722 1617
1461 670
1242 1866
285 1982
213 1688
1482 1180
663 74
1166 1039
711 1852
748 757
353 1366
1716 1141
1729 1903
1317 469
717 171
834 1412
827 1935
1893 1660
1418 843
1609 1130
1454 1348
122 1231
192 1279
640 1404
773 532
1410 57
1467 829
1587 279
1377 1761
620 133
1826 632
1086 595
162 767
1598 451
1513 249
1150 1449
1652 889
340 1258
498 59
1196 989
576 432
1364 440
687 701
755 413
290 1963
198 1494
1564 567
1472 1630
176 1466
176 405
525 209
1619 616
983 1933
1345 1188
1175 612
1357 826
1362 1837
187 983
1857 1435
1722 1117
1010 1910
1429 1367
1026 1795
1428 1722
1007 1672
2 1162
1889 984
988 520
1010 1732
1109 1435
216 1098
1651 155
1965 802
232 1335
1596 1991
634 394
463 1535
776 515
1086 962
1273 19
61 1653
1616 1493
930 656
1774 1134
216 480
588 1038
1664 1365
365 119
1388 881
1176 1199
532 397
513 1792
1261 965
136 723
1583 1102
1972 569
1731 677
1682 1862
408 997
355 1428
1315 223
705 1296
1363 1808
1837 1262
519 237
1257 1888
803 871
1179 802
1347 347
425 1983
841 889
949 425
1640 982
795 1262
1356 763
1584 1535
151 1016
1437 615
761 559
1315 271
1040 1495
1215 1514
1991 125
1914 1431
450 745
1466 1516
1774 477
1928 421
343 1442
1686 1078
121 586
624 1716
1670 1065
25 1822
1119 1756
8 1778
323 350
1755 524
60 400
25 1659
262 1407
139 354
1781 1137
1865 1983
1377 1065
1196 1975
382 656
369 1516
420 618
1176 1298
1832 1784
978 652
83 1597
123 946
1357 544
1305 1416
1086 520
1872 318
285 1188
165 1424
928 560
646 433
891 1883
828 1820
1116 1566
1620 1335
1715 860
631 113
1465 399
1081 125
961 609
1812 1852
1532 277
369 1667
797 427
1095 493
505 185
1438 970
164 727
1561 1511
1836 1570
160 890
578 1779
1639 472
830 1782
386 855
328 1847
1630 581
1638 817
1605 1531
831 1287
1651 598
384 1108
963 1530
176 1600
1651 628
1776 774
235 933
21 1042
1389 404
435 378
894 643
402 863
742 1069
1496 260
1958 113
336 44
1340 483
1296 1248
349 213
414 1954
193 477
939 1521
1542 252
738 1353
1193 433
721 1725
1843 285
261 872
1046 754
1776 224
1618 1405
557 1559
1 55
884 817
824 946
848 536
1789 786
1530 1299
1230 1200
3 1099
238 1796
442 811
941 1046
192 692
860 797
1765 1174
1506 701
470 1347
49 301
1087 1685
146 1929
1580 255
1583 1243
1730 431
1264 202
1123 276
363 1391
526 1409
589 1992
1979 318
1915 850
1024 1545
1053 1935
1613 728
1026 1450
1050 1474
1085 455
969 1556
843 1044
865 265
1984 996
1261 251
1875 1737
1115 1820
1000 1860
1736 1622
1499 804
1807 364
434 1837
1067 896
533 842
1774 630
1636 294
1755 353
269 1896
1211 1089
1411 1462
1402 1700
278 1990
1808 1003
225 565
1214 277
1300 623
1349 347
1637 1259
762 1876
100 837
293 1537
949 393
1407 96
1452 1194
489 1419
823 1426
1946 1162
347 255
462 1661
1090 1461
1746 1338
1668 987
1754 585
1621 1402
1724 221
1490 46
589 1422
635 1333
950 749
326 821
1104 518
1564 616
1380 1281
218 1070
1267 981
542 138
1313 47
63 512
337 1440
848 1963
533 1504
1345 1485
1142 361
1764 673
972 1630
1027 1019
232 1512
689 1366
5 873
1918 1457
849 1474
216 756
970 870
183 552
477 555
203 577
976 621
1471 1749
31 760
148 678
752 627
910 579
1586 1953
713 457
1911 4
1955 1930
648 1919
380 531
398 1909
1993 144
340 780
1383 1162
34 1966
1144 805
445 1322
1050 1258
465 1066
1381 1415
795 1780
1813 911
1182 1205
928 345
1726 205
1105 1588
1522 1048
766 1392
1899 1876
338 1133
1192 1405
29 455
1453 977
418 427
1124 1434
1675 1817
1238 61
99 956
1963 1692
1877 1325
810 512
374 423
29 1162
1026 1155
180 888
158 66
871 1448
1214 1803
1506 1215
1562 415
1383 26
1351 1001
386 667
135 336
1746 80
651 1885
1480 1770
120 1484
184 1819
1905 1495
502 1070
298 878
244 479
1653 513
836 933
46 857
484 1366
1715 1743
885 151
1122 835
1285 1737
1567 1231
10 995
1392 1721
1311 1944
935 508
1986 245
695 1336
659 1381
1789 375
214 1957
1260 708
100 184
663 1849
929 1670
851 493
1651 110
