1994 2000
1499 1601
162 556
1195 278
803 492
7 818
605 1109
1930 1776
1360 1292
368 1124
964 506
39 1786
171 532
1153 95
1342 3
1268 26
294 1354
348 1918
991 844
768 378
1584 328
168 253
1091 1715
1258 1837
1164 727
458 1079
138 424
1376 1216
810 955
494 900
945 87
1620 1391
1754 425
552 1933
178 745
200 51
570 1129
1740 1448
44 46
1845 739
280 1495
574 1335
1146 805
1408 832
1129 1678
1318 1583
904 1760
88 1397
223 1799
729 1338
1676 496
975 1306
1533 1015
531 1636
755 770
983 395
1714 1272
1787 1683
495 1420
1231 990
465 819
994 1217
1271 829
15 681
445 249
1655 1183
181 69
1531 1720
1664 1758
626 122
1739 1032
254 801
1536 1177
966 478
1363 1853
808 1445
614 1976
1152 1335
1499 1965
1553 1787
1808 486
1174 428
895 1677
446 1428
1225 1794
622 666
1851 1025
1813 1451
1778 926
1559 457
864 1471
1986 368
170 660
645 1249
395 1615
743 1464
709 1144
1812 776
1094 1011
669 1323
1658 1561
625 771
1370 1107
1859 1776
159 1024
919 1619
1116 813
1559 867
1885 948
1128 716
1709 1156
520 391
1006 174
895 629
1012 1188
831 229
687 269
939 1503
153 432
1659 1951
816 140
1054 17
572 1733
1954 575
675 903
1247 1721
1910 317
154 793
844 1529
919 250
1906 918
1931 771
1707 1543
888 1416
1327 754
208 114
470 1804
607 514
1686 1824
345 691
236 957
1109 1616
850 1255
445 1555
1982 606
498 1387
763 1699
1637 1048
364 549
1511 1659
1453 1675
808 1778
1607 1951
1379 477
600 348
1678 890
1493 523
1069 1555
1859 1220
149 129
26 882
1367 952
1004 1558
1686 1802
476 653
1067 625
844 270
684 6
1716 1804
251 1684
354 478
1430 217
526 213
1988 1894
1947 1023
948 1241
897 729
1383 651
838 1280
1816 1476
859 579
1098 998
708 728
842 761
364 1005
1383 1550
342 1691
1104 1099
1504 889
528 346
79 733
1268 1831
1628 47
1831 1766
1228 1236
543 1928
612 1426
649 110
555 656
806 1674
569 1115
1176 1117
1247 1975
1485 890
1718 1535
774 1911
1162 674
654 679
182 553
248 1393
1713 568
1441 1125
1772 1938
227 1011
585 492
1577 352
327 284
1004 1208
901 280
402 102
73 1145
1092 544
1838 1662
264 1356
1935 534
1869 1604
1081 950
1931 1837
246 217
1442 369
1019 1085
1384 904
297 534
781 1352
616 1563
1008 241
1509 430
1100 88
1582 1065
687 1903
361 846
1969 452
584 871
507 1871
977 1372
1722 1507
1353 1341
12 1806
1924 1149
296 466
1379 242
1360 18
989 1777
225 524
289 1125
230 1651
1290 314
115 741
367 745
841 587
517 1980
817 98
349 1721
1987 954
1518 1189
1215 1513
1601 1672
1168 240
41 1248
1242 1466
1574 1400
561 591
412 468
469 752
1501 1903
545 119
533 822
1925 1493
250 1360
319 1527
228 414
537 1106
469 1043
1624 1903
1068 1309
1836 1073
308 1003
83 1023
1380 1573
935 1096
873 1649
522 1519
1576 1157
1633 101
205 1135
840 1854
1592 1801
276 1357
1857 1732
990 89
723 224
1382 1367
865 690
850 1029
458 952
1834 740
1338 1099
1759 1286
654 1968
1260 124
1417 280
1502 1222
854 1283
1595 874
1702 1171
537 1343
1045 657
902 207
1764 789
538 643
1625 1417
621 451
1881 1885
1959 1154
1914 586
1678 297
689 1896
1381 648
1592 654
673 1515
786 1745
1590 1191
1262 642
1860 221
1376 601
1557 1939
1237 1139
1065 435
1359 1495
495 647
871 697
176 1080
309 1488
268 1467
1461 1799
198 1103
1396 951
734 562
438 1501
483 955
1979 21
1381 345
1935 1166
22 588
207 814
1916 366
388 579
1040 1080
1768 1306
1784 1413
376 1026
1830 612
1133 1732
1485 1696
1072 1783
1648 432
1355 1732
1142 829
1176 1720
1104 1277
97 187
463 669
26 1055
1904 427
1430 837
9 755
690 1399
505 1720
654 1330
1653 1922
1473 1278
1646 767
1712 375
1667 909
893 1449
1688 642
1225 84
849 47
388 1980
1814 1675
11 1533
1347 914
849 647
1329 1184
1627 858
410 1242
278 962
710 712
688 29
1137 95
956 489
129 947
1154 593
1336 575
602 1426
1429 184
597 618
1159 119
766 1438
88 1895
1582 102
612 703
921 1367
548 799
248 729
655 460
49 119
347 486
1037 524
452 911
353 609
790 542
146 500
1957 1341
364 1669
1244 1142
458 285
723 884
1970 486
729 323
1360 885
1276 1369
487 1612
1702 227
675 425
1606 1657
651 455
1393 1798
80 1789
348 48
1880 1988
208 1382
988 686
1471 923
1629 866
1144 1687
130 1047
1987 970
1365 157
840 721
152 871
1324 560
73 1336
1057 318
423 1593
1680 459
1616 122
1344 816
929 9
659 1261
1899 1567
1113 913
493 894
1282 441
1440 1980
1129 1687
1131 407
1253 367
1831 943
511 1374
1357 429
942 1979
1229 818
1610 1579
679 503
1364 369
1518 1071
939 680
64 1188
1463 1824
1579 169
234 1737
989 464
246 1047
1111 609
1606 1087
819 801
777 1364
1646 521
1685 798
341 181
439 1187
519 389
727 1612
1076 1634
1583 277
463 1252
1333 149
730 1366
945 141
730 1742
1796 1745
1739 1258
359 254
1922 1517
312 849
668 1729
921 1818
1253 1717
917 769
1466 801
1803 5
1880 1156
56 57
224 1222
1165 352
1227 1969
1709 1262
1584 1664
308 822
619 549
938 102
862 1874
1186 1854
898 1922
544 1952
208 99
657 117
762 906
1713 829
276 1595
857 193
1054 818
543 94
577 431
671 1168
1940 377
1538 1977
296 1877
181 1907
698 946
1443 1972
200 1280
456 1672
1490 1612
394 1886
863 880
1728 993
194 1227
808 1946
42 1896
1523 837
1847 990
857 1071
526 1142
514 913
106 1821
1476 599
602 1397
864 1187
1412 181
1749 950
1789 1279
1051 1668
1523 1171
979 277
423 376
674 118
225 1799
774 1292
895 316
1094 975
585 1105
490 1837
840 96
420 720
1500 1082
1544 1044
1077 130
1701 1816
401 1613
186 1332
699 868
153 50
1857 1067
1384 40
1696 601
1976 1327
659 1404
1576 1990
683 1482
1363 959
1147 879
515 681
597 918
1417 523
1156 798
1052 1609
693 1445
1233 1079
1196 370
1611 1085
527 1182
1223 1888
262 245
1822 676
153 1402
1528 1913
647 284
1847 299
1488 1938
787 808
1088 427
607 1613
727 1104
175 959
1622 545
459 35
59 1447
1165 31
1858 1956
1539 779
1346 867
1712 889
1881 1985
810 111
66 338
1569 804
1321 1892
774 665
1071 378
963 237
1257 389
1675 1109
1779 1884
573 1608
1189 424
142 977
662 503
658 1974
476 598
311 820
99 1595
1881 1115
927 1059
920 891
1932 1700
555 199
1709 955
1490 1794
396 245
959 1567
693 1932
1384 1118
362 1386
538 855
1471 1417
1131 316
768 126
1116 1976
1655 1227
538 1341
292 35
1032 101
165 317
25 1742
1957 721
497 858
172 1802
39 846
1973 1851
548 1897
360 1000
1106 102
178 1700
1334 44
869 865
1709 42
1925 253
631 471
1732 1947
397 1614
208 37
510 1278
44 1332
582 270
1795 1412
1781 1618
654 1417
1466 1435
1059 1400
303 755
989 293
1602 894
1177 425
490 678
1713 735
1695 1907
1776 1266
811 1023
1941 1332
1276 1804
134 1428
244 1570
1217 1323
329 1823
153 1312
1446 633
1021 382
1396 281
1608 1158
205 1187
1399 575
1253 957
1538 805
640 1175
1780 1920
1417 681
599 1848
612 455
382 554
1624 167
882 1564
763 1961
951 938
1718 1457
53 1764
361 1167
1416 1417
1665 1438
1246 1179
1147 1125
883 818
1701 1155
1429 1366
1913 598
1954 1758
1663 1372
1378 1604
202 389
183 633
710 1190
439 796
1465 609
353 1606
1230 46
969 67
173 1591
537 1565
876 490
472 529
1763 1135
505 1372
1571 1634
294 1713
1989 5
1433 1320
1870 363
416 192
1055 811
1280 282
758 22
332 494
995 1271
1583 1216
1680 232
293 1478
1696 1188
1578 1877
439 18
1448 31
1885 1664
498 1108
272 1438
1083 580
731 1889
558 143
451 926
1055 1526
1919 760
1674 843
1204 23
510 289
1508 1505
1713 1727
1079 648
1536 1555
1281 1286
902 1713
1924 136
617 1609
1466 1089
168 823
1520 1173
1833 650
1179 1365
1298 1616
807 1469
1751 575
1338 817
562 1401
639 785
1757 778
1443 1487
740 801
1895 1516
620 1185
984 1704
389 1670
327 129
1162 190
26 1344
1084 158
286 1878
1631 1717
1574 1512
1162 1762
938 1222
1163 1550
367 943
1237 1517
171 1747
139 1118
1165 1266
1122 1656
1202 564
940 843
1306 582
144 480
1491 170
160 1375
1054 773
1895 598
799 705
662 1796
1413 121
620 932
1293 1331
1035 824
1522 1320
7 1106
1195 1546
1189 928
1886 1572
524 110
1118 560
1778 1356
965 1134
216 553
1571 614
76 88
1160 69
895 1695
1658 2
1396 864
1386 323
572 1079
1183 392
708 1851
474 1654
574 334
1198 998
1878 57
1164 1349
370 395
453 1551
1028 962
1713 795
61 991
1443 435
637 642
1327 1220
394 248
33 52
1259 1124
948 117
617 1814
1472 926
1223 1628
1731 592
252 1962
1768 1484
394 1174
924 1438
915 1842
38 1897
42 19
220 868
173 1713
406 751
542 440
553 1909
1326 133
1329 534
718 82
712 256
1739 799
717 704
1307 1370
533 1569
1721 1949
198 577
341 1895
1743 1994
1902 1719
1663 132
1231 1564
293 1400
738 1786
1653 921
1694 1073
1262 1229
464 1634
1570 1366
354 688
1652 128
1547 1951
1725 107
1456 95
1269 1709
543 1239
634 565
396 1009
394 962
1755 918
200 1654
386 1291
110 598
1252 1052
1607 262
1703 692
605 1219
194 1303
1336 1615
1135 270
177 1825
1028 1438
495 111
508 1239
612 415
671 1384
1847 1687
1887 1672
1694 1874
1307 1774
38 263
1225 1208
1084 698
549 155
1900 1532
516 579
393 1790
179 297
657 1452
931 955
1330 1652
550 949
67 1615
1679 955
1930 1781
51 278
37 1445
1006 608
1095 262
1655 837
1301 586
155 736
497 1460
1744 374
359 764
1031 638
1765 1370
813 31
614 1983
1384 1332
1896 1445
671 1475
521 574
1693 241
632 490
230 131
455 745
1255 1072
330 1266
862 1054
1388 594
1422 1472
165 444
1662 700
821 1353
1001 155
1218 374
889 1335
493 432
331 576
1449 396
1345 733
1431 534
1581 591
1523 1697
1361 588
45 1799
1233 1365
635 1797
299 414
1845 529
1322 182
1219 1534
758 1976
718 464
1889 1717
1830 983
610 742
1340 1042
56 323
572 211
1957 1721
1381 852
60 574
287 593
1927 374
231 1173
1912 746
974 1399
1677 327
1405 1553
1101 1894
1370 1420
436 612
1891 1978
1228 1800
705 1660
964 52
1471 455
130 1449
365 479
671 879
1771 1989
1299 1604
728 185
96 1968
647 1311
1582 1435
762 1705
355 1730
836 1770
592 1118
336 1501
426 369
682 908
696 1215
1915 883
544 1423
198 1672
508 119
1108 1053
1052 1385
731 1184
1105 877
1978 1222
1 997
1177 233
498 1128
433 363
780 325
257 1044
1515 378
1254 1979
1305 245
1364 1401
45 1911
562 357
510 1270
1164 790
1677 1556
1360 504
324 1640
784 530
1021 1880
1892 788
886 1012
410 10
1990 1869
172 292
1273 1305
364 129
1661 1542
813 1877
1760 432
328 1952
966 588
1632 815
191 1069
728 1134
1795 1773
762 558
1489 1193
372 559
1066 385
1561 74
1638 1331
51 630
453 1975
1843 376
876 1134
13 948
1066 1639
1748 1874
135 1315
212 656
768 1353
1160 1273
232 853
1359 765
1876 1852
968 1073
446 1350
726 781
444 1092
1685 1081
646 1718
982 652
508 1197
951 1378
152 1136
78 1342
250 222
1784 1929
811 63
679 1602
902 1457
1701 1567
759 1228
984 1327
1479 1855
331 1473
1706 1023
1916 950
1426 1715
1362 1526
1986 1474
651 1017
581 398
1078 1271
182 213
1931 1801
172 158
207 1985
1635 728
1591 674
1916 1913
1891 1023
1006 976
78 358
576 1423
607 767
1050 1092
921 1477
1268 142
1204 1356
1376 1397
1477 1206
1118 1387
1775 153
717 1239
1836 392
80 1315
1664 1670
195 94
1921 1992
813 579
1775 810
1330 660
1252 1805
57 1329
382 753
1740 1243
219 1985
649 861
77 1922
1107 435
1957 166
1200 1510
1458 143
1212 1824
1520 1835
1744 280
1207 769
287 636
1791 455
1753 545
1916 189
1744 1243
1336 1445
1471 1568
59 1204
727 264
1679 16
38 1371
1519 1512
1013 757
639 1896
731 1957
1814 190
1887 3
268 1423
798 133
538 725
753 534
294 1679
150 484
1239 1425
503 1783
732 714
725 1154
314 1468
639 1291
1250 1584
1629 1413
1936 1120
1784 1243
1694 1880
1620 706
1629 947
1507 1294
610 1797
407 565
1687 920
125 1978
1851 468
1062 822
971 1317
1093 648
1196 1646
966 594
744 136
465 94
1816 804
1992 744
1290 673
574 1571
1232 362
1913 1933
1531 1802
1447 1717
1990 737
1577 1145
1936 45
535 46
1931 346
495 1424
551 1387
1715 1267
723 1739
1364 1055
353 542
883 1614
929 153
40 417
1146 1554
1207 140
967 281
128 1123
887 1614
585 109
1314 792
662 433
828 213
1935 1224
1747 678
360 1507
383 1542
1914 1366
1574 365
1578 1251
440 1495
1031 586
569 261
1899 1909
1108 110
126 1475
507 1049
710 1417
1820 1903
1227 719
1119 405
347 1111
309 1790
1879 606
1392 1835
1129 835
1917 818
638 180
1081 1862
1364 1414
1707 305
1699 1929
1045 316
1384 34
1488 1193
1935 1247
406 1994
1403 967
337 425
1433 917
980 147
356 261
1093 1001
438 1596
260 1895
1250 1658
605 1639
902 1437
518 853
603 1293
1379 1158
1262 389
409 532
554 122
1381 1294
636 299
1068 1968
1721 68
515 1392
114 623
1681 1875
975 1726
1166 95
1317 1109
1045 1261
537 632
225 212
1931 840
220 468
39 903
1008 435
387 1229
442 305
838 1557
285 627
624 907
632 867
1581 1074
1012 1152
601 1905
1165 1821
1643 706
1548 1264
210 1702
919 1969
286 751
1933 557
19 829
372 1600
1290 509
140 1248
1186 1475
207 1455
985 1594
162 318
610 569
228 1493
404 1683
162 1705
1500 1879
1503 455
420 64
1110 1413
881 1235
1972 960
72 1873
939 1193
1886 1051
1528 407
1582 556
1091 1220
1706 211
1640 68
851 1611
1680 1379
1238 307
498 1113
451 504
340 1547
1992 1070
1986 376
1566 1769
125 1470
78 45
208 532
299 1979
647 1320
1953 1406
1260 818
210 820
1845 1251
850 664
1012 1395
850 1424
980 1043
1993 1771
248 907
865 533
1050 1670
733 1477
1533 1720
309 57
1120 1478
586 804
1269 978
1885 930
1077 1741
189 1853
1465 748
718 935
931 523
1476 488
32 1374
56 1975
1925 548
1987 247
372 1594
701 32
153 1673
552 1648
919 1193
1818 568
601 1614
543 1639
183 1858
808 281
531 1082
1305 1526
1511 210
933 1420
929 568
1330 166
1044 1804
1573 1046
639 132
1861 1792
1630 1962
1557 1443
1265 810
1031 53
612 1893
693 1224
1586 560
1596 661
1340 781
1595 1951
265 748
1916 1674
687 533
452 1038
1443 1401
787 1143
1336 1826
481 1735
1116 119
633 1354
892 1440
291 42
1275 1497
1351 1726
696 230
413 1167
610 1253
2 1073
889 737
811 1918
510 1055
1724 24
28 771
105 1354
85 1828
1403 5
127 1972
17 1616
15 1386
1674 1013
1792 1782
288 326
1731 192
1368 1756
1378 122
99 385
1204 640
668 526
616 788
106 1787
842 4
833 1593
1592 714
1833 1288
687 1203
1124 1205
886 992
794 628
276 541
1789 958
766 1611
922 1799
1506 1005
823 1654
276 978
1288 1211
1144 94
1259 1125
1833 1259
115 1028
757 699
315 912
1837 1127
1074 197
768 1558
1485 1611
312 1476
299 181
915 443
1617 1142
907 1692
1774 1167
558 1459
320 1493
138 925
797 559
624 1663
1184 1399
1382 495
1759 1086
684 1616
833 63
1985 1472
1578 970
160 146
757 1235
1050 723
1723 249
1770 488
1881 1298
1599 1017
486 800
709 1238
1712 691
759 1420
220 1489
607 1420
1556 343
1416 1093
353 911
151 1572
1226 591
163 1863
1669 43
221 447
577 319
1486 1711
973 1430
1775 643
419 1385
1330 643
616 627
1205 1438
1953 1294
1215 281
1803 1964
871 587
994 281
776 1744
370 843
1830 642
1060 435
171 328
1538 132
1617 1771
1081 1466
1059 375
1571 1298
629 110
1701 143
216 904
816 1952
1032 35
1005 1049
92 1616
259 1208
62 1428
1416 470
1969 1724
1831 1967
1359 1115
635 1052
1380 1918
622 38
1982 1092
668 892
476 1596
1655 879
1170 1542
802 58
71 36
417 1639
1166 1946
694 1110
1953 1305
185 1070
1940 424
756 737
120 63
1280 1802
1674 1000
803 1288
1854 1378
1597 1077
449 1571
1640 412
103 36
1699 1197
1075 1869
438 432
1255 1208
1899 1661
1712 325
1700 121
320 19
103 1379
1029 860
1114 1737
1330 1082
1292 1786
251 1685
208 549
1272 770
134 75
1742 1044
1529 598
746 1402
1728 618
116 1056
865 1544
1964 1024
1288 242
359 475
1350 32
31 1516
85 830
576 458
1075 490
1458 1712
212 903
176 1285
140 441
621 825
900 545
1042 274
1726 1366
1865 1444
1681 1494
1964 922
952 1452
647 164
1553 1776
295 1746
1058 1755
420 1806
59 1272
321 1609
1756 1943
1714 1462
469 1292
1164 14
38 741
806 1081
1230 882
73 897
851 26
1340 1049
1574 563
1110 1618
989 926
32 408
1824 1683
742 195
936 672
1067 1963
518 1168
1530 533
1546 918
1550 962
593 1660
1382 1044
1333 1563
1195 540
53 576
1426 852
183 1019
510 1408
323 390
176 1692
429 1217
762 46
194 1775
790 478
23 1332
1290 1387
1781 1132
63 1020
1793 1661
338 739
1886 204
1990 14
1559 837
585 867
372 216
1748 653
1454 739
1810 1730
25 1103
351 392
41 1332
1202 1395
100 771
272 1187
354 1154
1340 533
1757 265
1927 586
1411 1615
1195 659
1750 1764
759 1283
859 734
565 1319
483 392
774 1258
1471 860
1961 176
4 1794
1177 818
1078 1365
597 1142
860 843
555 526
1936 348
1329 1294
7 1450
1722 1451
1728 167
615 373
658 835
217 467
191 326
1756 1558
1383 533
1215 1120
476 1305
930 1628
1838 755
787 1569
1845 680
749 1458
1120 277
1210 538
437 609
762 1326
1663 440
73 1676
80 543
1858 891
1910 14
1479 1274
1910 578
881 1117
757 1520
1152 1789
1381 1244
1739 781
324 39
257 24
1680 1699
724 825
995 601
717 502
988 657
1901 1761
269 1576
269 1443
1849 1804
1754 1272
1321 1871
1674 1192
1510 1025
1865 161
342 944
1297 166
777 59
1795 1713
595 1611
1479 460
868 1369
617 931
311 1087
983 188
1858 562
1625 1374
550 295
387 1600
1680 1113
1377 344
1201 805
633 58
992 187
166 380
730 588
1377 979
1479 472
21 1475
817 271
862 1992
164 1750
151 417
619 1187
1607 1472
683 1454
1855 108
397 1206
1585 1334
323 95
1205 129
1141 330
1888 35
826 1277
1225 1658
548 1365
150 1876
1377 16
1003 1480
997 1965
1164 1945
1116 353
449 1347
138 572
1533 589
1669 1117
1940 809
967 586
244 808
1404 1906
1415 1011
1851 1395
1379 74
154 1733
1182 870
271 830
1518 945
1094 1826
768 1190
766 1025
143 1505
997 1717
175 623
469 1255
818 950
1160 275
1349 1650
1116 43
297 1437
1333 1956
30 1182
118 129
233 492
808 504
265 1612
1580 1894
1813 551
138 1093
538 1677
1362 926
569 50
526 1369
1237 1251
1487 382
748 1605
646 1637
731 1014
676 1641
1330 690
965 247
472 1983
1500 1869
226 1398
1303 1124
399 1593
455 94
1940 67
1924 559
1768 148
762 381
980 427
183 555
1116 874
1658 1163
1196 1656
624 164
1970 1943
348 1379
328 1991
1670 880
644 265
1182 688
1015 162
1785 110
1635 1426
1718 1906
1343 1251
613 1554
659 1614
501 1461
1693 1628
186 702
1204 425
438 1545
1812 1762
1860 1532
986 567
1945 54
493 1757
1199 1787
684 454
25 185
1709 241
1379 94
1253 1333
1045 296
1212 270
851 58
1528 1099
1763 1017
1814 986
55 1608
632 993
1479 1395
1407 399
821 1217
87 1756
238 1211
419 608
1927 814
1236 1972
639 1324
844 16
264 488
1485 1992
7 798
1396 206
758 1368
66 468
1290 1136
599 540
1703 823
1200 1327
1489 1311
1490 1623
1431 1347
376 1156
1849 423
1922 1555
152 1522
253 161
1200 899
799 433
1950 1274
1083 1814
1006 1733
1250 906
1321 1297
1524 166
87 427
922 1692
1971 18
1153 773
955 1316
505 1656
967 1478
980 1309
1762 1137
393 1014
1885 1713
787 1713
1973 1929
1290 799
559 1666
1770 1335
725 701
644 1859
635 249
1592 1662
1540 583
648 924
1119 310
