1995 2000
1698 748
1860 1602
367 866
81 1808
252 1696
1371 805
1638 1967
1660 1482
964 1645
1763 144
1752 958
349 455
126 256
1684 1166
1069 313
70 917
545 438
636 526
1310 1068
532 913
332 268
1025 982
1729 990
1625 432
188 519
538 779
583 1224
1212 1866
1332 734
1114 1324
940 1308
269 226
1032 1418
1124 68
760 1913
1768 13
321 29
723 960
580 292
1330 1041
180 49
349 1932
1743 461
571 971
1306 157
489 13
1565 675
1246 1647
555 1549
1381 836
788 1648
35 1117
461 1540
438 642
1786 497
1940 1356
380 172
261 1085
1011 1262
1409 1046
55 873
1051 1279
1817 318
124 1634
333 158
1428 1473
153 431
195 661
1228 1150
1526 942
282 1840
173 474
1889 49
872 1284
833 1807
1347 583
1774 1814
611 862
819 1798
557 1186
419 196
313 1899
1103 1542
741 1340
889 1168
270 1664
1338 1078
149 1645
1163 1077
1200 1467
222 1732
140 1229
1381 764
600 1910
276 1259
1041 1509
945 1147
893 1729
1613 1785
1179 1342
597 485
1773 247
3 143
1029 1254
216 1168
1757 1522
652 1218
539 1341
1056 533
213 646
701 248
1372 823
938 579
436 34
645 852
570 546
682 1821
366 754
1947 1319
733 405
184 1631
1177 99
1437 1035
1407 1101
1792 759
391 34
695 1554
1067 744
1684 966
1122 1689
508 1075
494 1671
343 410
523 1837
544 1130
1078 1180
555 453
1570 303
277 680
124 1566
1285 574
574 1863
1065 1248
349 273
625 1900
363 1963
1795 1863
387 101
1675 1433
1303 1298
941 1351
1734 109
1696 1926
570 1498
171 1010
1837 1222
877 629
1960 1933
1889 527
614 1458
703 61
1976 1396
702 219
427 1036
1235 768
1502 880
703 471
301 1177
1873 1654
1491 870
887 452
924 1462
1042 476
495 487
1121 222
1614 1597
7 1123
219 378
852 331
1959 1479
356 371
706 282
308 1037
1509 342
1015 1585
879 1780
446 1799
1286 629
1551 896
1257 1590
64 568
1825 1018
1499 12
583 1286
422 942
1272 1545
480 487
1094 1463
725 167
462 1356
1166 917
1687 1092
1149 389
922 135
245 372
1570 680
387 352
1708 525
1914 1944
790 1556
450 869
356 1493
1360 1405
1381 1729
1258 1873
1499 1295
724 1373
1882 282
466 1726
1089 329
140 1593
1674 900
910 310
401 1307
212 1575
1467 1306
1517 247
774 954
1543 1340
1399 750
1494 273
875 739
1259 472
1717 1146
1200 977
1486 1263
1684 447
1755 65
622 871
737 1723
1399 1677
1512 1500
1489 1561
20 471
1294 1218
1956 1947
1362 1913
1093 802
1657 288
844 351
159 1870
1480 749
231 1014
805 1018
1832 1680
505 487
966 629
226 1300
270 495
481 1123
1168 1298
1465 607
683 32
510 1669
616 373
1786 1621
599 1406
1492 1787
831 42
39 187
953 1120
148 430
1081 179
1237 1900
173 1811
1304 228
1914 1236
1257 269
1330 1255
134 196
760 713
20 1712
1737 983
1891 1744
841 1604
951 1169
1464 483
1401 420
130 577
1693 1236
1557 1120
753 146
1674 665
854 20
1612 1036
458 81
1772 1943
1832 525
208 1193
1700 222
1772 593
1460 1639
398 871
1886 1221
1069 1226
899 1852
1802 74
1398 799
1551 1710
161 112
1263 1051
925 1859
1673 329
880 1201
1938 902
181 147
1488 713
324 884
1218 618
1305 1358
1691 165
951 582
965 33
934 1886
1977 618
1772 1605
1463 1102
1712 852
477 1288
155 874
1330 1796
743 91
611 84
461 1895
1625 1514
1280 1466
1900 117
27 895
1971 610
229 1457
361 310
516 694
1483 1709
724 1044
148 935
803 1895
1465 977
1288 1590
1647 91
466 751
1007 1689
563 447
1603 1415
1791 1100
1775 133
1882 712
1116 1028
1820 82
1763 281
1371 356
246 1350
319 658
1863 468
890 517
1734 918
400 1799
366 1194
1877 1617
630 1811
1865 1938
1210 192
1158 1334
708 731
130 181
663 1788
1263 1265
1394 1873
492 937
1791 981
133 684
1703 1225
1374 583
623 1860
1362 1518
491 1614
1216 1083
573 1855
1028 364
142 5
1305 1745
833 1251
269 700
185 799
1547 82
1152 1934
1945 1343
679 942
305 1523
1675 1792
1285 108
562 317
1434 170
142 55
1828 1870
1063 464
1210 947
1258 1705
366 1041
1722 167
937 1894
687 1689
24 182
1956 240
104 852
477 34
838 1504
1347 1839
1552 796
988 105
1910 1364
617 1460
1042 1083
837 288
911 1857
1618 1779
1961 96
920 1353
636 962
424 786
875 1460
1205 999
1268 1065
1233 1937
1798 1392
1675 1291
515 290
1901 788
1826 998
919 950
1270 1104
545 933
304 696
1464 1535
1093 1480
549 1872
256 57
1178 672
1426 420
893 1290
840 1002
411 1103
1993 235
628 1746
806 809
1867 1493
1125 589
1176 1809
967 1203
863 138
586 332
484 1834
1991 1668
1976 103
414 935
1326 1669
1399 57
962 1824
1135 626
1149 1902
626 1863
1192 470
905 425
1356 1527
1406 487
1735 273
1700 418
564 700
1594 1148
1022 1090
424 191
1760 573
212 336
462 1670
746 26
1829 1231
1285 486
1155 739
884 1747
949 176
986 1115
1948 1887
849 923
1062 1394
183 1174
1170 114
859 1668
248 1602
1223 1586
299 381
235 132
431 1899
1805 904
1364 698
921 378
199 981
1188 1801
1257 947
1918 864
1330 936
663 1542
1880 1267
298 1895
1604 1008
374 521
1038 409
763 970
1347 1163
1934 1716
411 1900
455 58
1076 1445
486 1821
1557 973
689 776
1410 832
1228 1891
324 1872
1699 1548
1423 1010
702 1745
1267 135
209 836
368 1289
1850 933
647 1928
620 1358
740 1436
1675 342
909 222
1530 359
1753 1290
128 1552
746 1353
853 1648
544 1316
391 13
1786 373
1676 325
829 6
1646 942
1428 396
1814 1185
200 635
1576 141
512 1885
1242 1527
140 32
1299 999
1683 1193
1152 1477
1361 405
1646 1934
1609 28
1240 912
896 1525
740 745
1328 253
360 1575
1759 1429
1305 556
1350 843
1163 1115
1642 780
334 1269
1872 579
118 1140
350 1498
1302 1187
509 781
391 738
689 780
1177 1597
208 1573
1062 1672
1969 1807
1133 835
839 1402
43 96
479 523
671 593
1721 1261
1817 1079
1973 555
1371 1982
1886 597
1792 205
600 1650
1441 1028
622 1469
718 504
1175 273
221 856
284 417
1526 1319
622 1753
1701 1018
15 1633
1303 1242
1484 729
1419 545
229 781
188 1856
1043 342
1274 482
1993 1629
341 904
883 93
790 1548
1424 393
770 611
1386 145
237 722
1557 342
1122 780
1988 132
1953 1168
1646 1147
896 804
730 1063
1391 393
1893 92
1228 1342
1521 665
1142 379
969 1915
875 84
1881 111
1835 1023
1550 1557
1822 922
638 240
790 177
1346 1585
1062 649
727 1266
1771 1218
1391 1217
849 964
1942 546
231 203
1789 200
756 1628
456 1104
591 1605
274 993
647 680
1385 375
1499 50
175 1632
1787 1430
508 470
258 1323
1698 1059
1658 1962
1919 713
1908 568
56 927
1215 906
249 544
1728 1821
1911 436
540 1054
797 133
347 281
1789 1796
1496 903
423 120
1122 1790
416 1185
719 1383
8 677
1171 686
222 1039
992 472
867 83
500 1108
1533 1471
438 1269
569 1609
62 923
293 1273
1548 1275
1914 334
368 68
1438 1115
1567 1367
596 1455
1213 1154
1962 680
984 1756
1253 1128
1778 1610
1028 236
1907 1518
1786 184
1254 174
807 1496
1771 329
1693 1735
25 126
1250 1221
1826 1963
651 712
1603 17
457 405
1142 707
1530 462
262 1651
1866 1446
1227 1357
395 335
210 439
1543 962
765 1118
230 418
1350 554
540 760
1294 952
1599 327
43 773
548 1767
123 1453
1558 1662
800 1950
4 474
700 63
1135 1932
1831 832
1072 422
1877 953
1235 778
1643 171
1250 835
230 112
200 658
39 66
1128 902
627 1208
595 224
657 1591
433 1383
619 1616
1006 1715
55 1104
444 77
1959 1688
636 1690
656 1783
778 939
1385 1201
1673 617
116 432
1325 1804
1630 454
859 1783
1789 1351
537 698
1544 471
1918 563
1918 1035
155 1087
39 1950
1581 1506
1137 1876
88 65
55 1363
1688 1051
1948 874
826 579
1818 1819
253 331
1343 1436
890 491
1946 1923
1371 1247
601 796
1335 1460
461 467
1904 1670
1931 615
1438 174
1613 457
651 1269
1611 1971
1459 1138
467 242
1767 1040
496 313
809 1417
173 913
1579 1592
1162 897
227 114
1391 1853
619 902
460 186
1739 1262
213 1193
1576 1260
401 1972
100 1599
110 319
1425 160
691 638
5 1477
1244 17
1534 1727
1077 1872
356 1295
1259 1130
641 352
1837 436
231 1291
1771 1011
1192 402
1843 41
1978 1873
22 216
236 1532
1978 637
202 1656
191 658
934 120
1493 332
1931 1712
1297 629
1280 403
1486 1233
1286 983
251 1933
100 1749
1687 939
241 1689
656 273
1896 147
833 257
300 750
102 1639
31 1145
1213 551
1603 1408
245 701
1986 1273
1464 139
1966 1790
188 113
1357 49
1486 1261
218 140
496 300
298 998
208 1933
1223 361
441 1833
605 1608
806 345
1449 1679
1563 1303
557 43
1536 635
1975 1727
152 1667
1865 275
229 1084
285 413
448 1686
356 1451
463 657
598 769
529 236
1332 1717
897 310
630 340
1722 759
307 563
662 342
986 958
1084 373
35 1719
1450 1284
1163 550
1786 346
1929 75
1125 1560
1823 672
510 772
1731 1708
575 1021
1237 191
1893 1278
1216 31
442 13
1612 1279
315 1608
543 82
163 150
1258 627
472 1218
673 1049
1140 54
1211 563
321 693
1467 192
1483 1102
1408 1451
549 1169
1592 1681
814 1540
1772 828
1578 1177
1137 408
1865 1663
1320 170
1437 308
786 774
663 1303
823 687
1028 758
60 579
714 1533
416 343
1447 1746
738 1787
1312 196
143 54
1282 874
375 442
708 1836
1481 1747
1879 969
544 1151
1323 484
1243 1574
1503 555
55 90
1327 1065
1806 1644
1588 1188
1569 283
1805 522
848 1552
705 526
1469 264
1986 828
1100 682
1371 1299
227 1737
1573 1949
349 1030
553 311
834 655
1401 791
886 29
1623 1865
1061 785
1343 1405
829 1834
1899 1751
1176 566
821 732
637 1307
1033 1168
1338 1196
1675 451
264 970
1261 902
1986 1938
820 31
1157 637
79 624
582 1697
219 1704
379 1507
1334 649
1630 1263
929 1799
493 1887
85 1033
1869 856
663 1436
186 495
23 554
1817 1831
746 228
1771 1843
1795 772
114 331
824 1631
1620 771
1756 442
378 57
1576 1616
172 435
885 1751
163 1592
1875 468
727 441
1824 1563
243 1388
1993 1473
1595 1161
1853 982
235 150
1725 1591
1761 70
1514 1083
865 1597
606 1296
1842 1304
403 1667
1225 1300
436 66
867 168
1212 1355
89 70
156 936
656 548
1965 1624
1717 1139
1314 1453
1124 145
815 1088
762 1306
86 132
381 858
1066 1955
948 602
987 1453
599 1017
1353 982
516 1172
801 377
284 1617
411 442
823 330
909 100
1728 167
1327 996
800 433
206 49
1321 1681
259 1390
1310 1882
1325 48
1472 99
1358 936
210 374
369 689
1852 895
29 192
1048 244
725 772
1245 497
737 1607
864 1813
1993 1082
448 939
1573 1814
565 328
833 874
840 531
691 595
12 1933
565 1984
1305 1702
73 268
709 1787
47 1221
1152 1277
1885 1654
1215 1812
917 1968
1826 232
554 1364
1331 1011
1785 69
1956 210
1766 1589
1842 462
1498 811
1510 977
439 1973
264 472
191 200
1901 1960
1469 1896
941 1847
1515 151
1338 1353
1829 1035
1123 1236
90 1597
227 13
1460 676
1937 697
1371 1785
409 1680
173 1597
885 1001
207 1242
911 147
293 1793
1405 1508
97 568
1148 998
452 1542
175 1445
1630 1561
1289 96
338 1597
1768 738
1230 1207
492 1918
1239 1387
1017 1624
510 573
608 1964
1623 224
1961 351
146 631
940 915
1249 1665
247 1304
1852 937
1339 153
624 677
785 1442
606 1936
1415 907
1872 42
1651 938
682 1542
1081 344
950 394
845 1009
1114 68
848 544
661 1086
25 1669
1784 680
1303 1275
1203 373
1528 479
231 8
1396 1719
1407 1352
333 177
496 1854
1638 1141
588 1463
306 901
854 624
757 75
1134 622
571 269
1530 241
127 57
924 722
911 507
1472 533
1940 799
1271 1854
39 966
823 1650
706 252
464 1098
958 1933
920 1392
1635 834
941 525
1634 1680
249 1168
1889 1101
95 517
1675 257
922 1989
1986 1955
462 1863
1337 1196
591 683
938 745
128 828
1051 40
881 1876
377 1732
1724 1718
905 748
1700 91
707 1218
1619 58
670 1756
1417 1765
1457 1751
312 648
271 716
1225 1900
1800 430
1882 1992
589 267
1330 52
1786 142
233 1211
943 313
1396 767
344 936
1113 634
738 16
1886 1875
1800 758
1254 1843
589 932
237 1706
863 831
229 442
1574 1433
1260 6
212 513
211 420
98 1164
1521 526
288 1830
353 1541
433 683
1268 1756
1093 760
1752 325
1995 431
1357 5
1886 1637
1235 802
1773 936
198 120
622 1662
19 1443
448 970
854 593
234 1811
959 476
1344 602
1197 1395
1794 1529
1956 859
1113 932
1320 750
1778 1349
814 819
293 603
1498 107
1260 581
744 420
223 1417
1931 1057
1032 903
274 1544
326 992
1627 1921
1009 666
881 1389
1720 1952
620 1718
1948 1710
1067 375
314 977
600 787
414 633
885 1533
583 18
371 256
1270 124
1063 182
1979 953
1756 912
1318 1234
509 1844
360 528
1376 1016
975 1252
248 1769
598 1088
252 1456
1363 769
389 1632
826 1525
1683 1612
1550 750
1914 1616
671 1623
199 180
311 1102
1090 666
964 907
293 989
1355 1546
1825 1951
688 465
1370 1656
334 1812
498 1758
1338 1034
600 502
755 1233
1208 587
1210 1026
94 1118
686 1599
1449 109
1272 557
549 342
1564 1667
994 761
848 664
1705 718
1657 1921
1003 228
223 185
732 716
1188 1101
1576 970
422 1422
94 1660
1409 1418
1008 906
1783 1699
777 491
344 1265
439 922
1538 1585
772 1243
565 503
1305 937
1675 865
570 68
245 913
509 796
1017 1682
1104 1617
171 832
285 260
931 1679
121 1815
1253 1831
567 304
1714 346
1194 1455
106 1474
589 690
32 767
1477 587
1199 1204
469 670
1894 743
1285 1026
302 126
1646 188
1838 1083
29 107
699 1151
1019 982
1836 828
20 1316
1164 539
1560 378
1318 871
321 1149
1455 420
506 1917
890 1197
1824 649
1512 883
1915 467
976 846
480 141
1329 311
681 1507
1945 1743
1696 1917
85 892
22 644
560 1325
664 593
1842 20
862 907
1244 1442
953 1792
1900 1251
827 1686
1012 1019
22 240
1959 1703
1835 1812
1293 766
1128 30
384 1665
341 424
1376 1978
1952 954
1826 361
879 749
1567 1210
1486 723
737 1724
1766 91
957 1149
536 1123
824 932
948 1157
11 1433
1092 339
350 1930
589 1057
1150 1925
1382 1506
1911 988
874 1967
798 1884
183 297
1502 1391
1915 1592
214 1007
1343 1852
1554 1936
1492 1164
681 555
342 527
975 904
1157 430
1826 743
36 584
760 665
8 37
1326 780
1806 179
899 103
1397 399
202 739
1017 1899
797 1732
1336 216
1555 75
751 602
1728 280
505 1796
477 1931
501 12
1515 861
858 74
1326 196
953 722
1310 689
1480 1725
36 142
952 621
1315 1043
1904 604
434 471
15 654
1367 1651
1927 642
782 721
528 526
662 776
248 1452
879 180
1347 202
955 139
414 1236
1829 574
1945 335
1793 116
110 1783
1152 1236
1618 424
1080 665
686 266
1444 1591
292 250
1444 1242
802 985
890 394
1078 491
1633 700
1396 443
1603 1679
1342 1313
1410 1932
1274 1504
1640 1373
378 375
466 1146
1178 580
1116 1268
1674 1783
338 275
580 643
1034 178
1396 1460
1475 1311
839 1598
252 232
603 1665
1940 303
43 1836
469 657
1203 1243
1849 325
1954 382
88 132
1076 849
1807 1866
505 1313
938 115
80 1976
380 966
756 717
1620 1774
291 612
531 1219
1178 420
1412 115
885 420
1375 1313
1462 1833
1619 404
802 1296
1946 486
1474 46
660 1679
1593 1151
233 1634
1611 1040
1519 1184
816 587
1142 1175
383 274
1200 1497
1775 762
768 107
489 1108
1027 317
887 730
443 417
1881 1373
1064 867
943 1252
591 1122
142 1038
571 776
1275 533
708 603
738 1542
1199 1415
458 1648
26 1222
1505 901
52 866
1530 1573
1731 252
741 1843
1062 1841
1940 1530
1234 1460
1537 101
1698 1489
863 1129
405 1685
1338 1063
1028 325
1699 1542
1696 228
1318 730
662 1507
721 867
1797 1676
1498 927
1622 1078
1858 1605
1244 1227
308 587
1633 499
450 408
1407 1346
1012 1685
1836 266
433 1090
1472 1711
1502 1047
367 1344
1528 186
1342 1232
719 1369
1447 717
1934 917
892 933
626 1591
507 441
630 1847
1588 1048
903 1924
1400 569
462 2
1112 1036
600 1629
820 61
599 211
975 876
1611 1227
1339 171
653 697
725 1493
1800 66
417 828
1691 1556
1625 1182
781 1036
1164 375
233 1197
1880 1228
862 1002
1280 1240
915 1222
292 1815
519 714
830 471
469 1478
491 716
1139 1169
1566 1857
218 712
1659 1908
1977 1353
231 1468
204 1629
1581 1242
1499 942
1374 444
1564 654
710 1483
1104 677
647 1836
760 1118
64 1659
397 1896
688 796
1541 1398
1728 4
1411 1617
1852 678
1655 311
733 1275
483 1493
1963 1872
336 878
342 1002
1569 471
1951 947
1416 989
1831 843
142 115
1564 1729
1750 814
1872 16
1158 742
295 1953
1299 1682
1528 364
102 699
1235 1713
387 1201
1190 861
1155 1906
1644 1900
979 1662
191 1198
650 1127
553 83
1441 756
1684 1308
1852 61
1696 1373
1702 1390
1310 573
1377 1784
1936 240
1114 1220
1081 362
411 1841
662 1344
1760 458
562 1630
1286 602
72 362
1414 1667
124 1534
1228 1006
1735 225
1249 1539
1513 1233
79 783
229 1697
1536 1563
1492 1366
1192 723
106 1670
564 87
1912 158
724 1900
903 1147
497 615
959 822
1592 2
386 1120
159 1717
1521 1406
1995 1726
537 396
815 1099
401 991
1901 1427
1786 60
654 265
1538 1183
632 701
668 946
785 396
441 319
1049 1416
489 237
784 643
269 687
1596 1180
577 1092
917 655
1540 488
1832 1754
410 30
1693 1718
708 1612
128 1713
570 474
768 259
365 132
161 1798
1064 1566
51 472
151 818
146 1307
1625 85
1568 1354
73 76
159 1350
1736 626
1629 309
640 69
1823 91
814 1189
1108 989
258 318
1182 271
1704 317
580 1569
95 758
1440 174
1520 50
1552 1348
919 162
82 1747
1491 1303
1482 112
218 835
853 1537
400 1693
1024 371
1425 1178
1935 154
1015 1774
1850 386
820 1225
216 1762
1177 760
978 99
415 618
161 1221
963 436
1108 1686
894 746
458 828
1204 666
1954 1222
1234 20
227 329
646 393
130 1238
976 1440
1425 1024
419 747
1383 1554
214 1946
849 757
403 1909
1032 1952
1827 320
968 1792
535 1413
787 563
897 260
1910 251
1205 1608
259 1920
505 656
1977 1117
1194 378
178 264
1900 342
1535 83
348 608
1461 1470
1591 578
637 239
128 1087
608 871
516 752
1285 1165
1798 1819
623 1449
1820 732
1962 413
1059 1712
1928 1119
1976 1768
1873 150
1382 1549
1511 766
234 697
1796 413
416 115
1162 550
766 1527
321 744
988 938
1108 452
431 111
1970 437
1558 1387
987 1245
1498 544
246 581
1564 871
1678 1895
1773 1054
1605 1122
1148 1641
671 1758
794 1875
1746 1148
1012 92
1716 677
614 987
1697 1281
903 1104
1779 1187
22 1105
1192 744
1050 1306
259 1068
1707 1844
1361 1711
848 41
1701 1446
606 1252
82 1687
809 1656
1810 1525
546 1088
1826 679
887 1036
1534 1527
120 555
1861 881
1543 250
1901 209
1719 1128
61 1010
1850 1013
846 534
485 204
1223 1768
367 1885
24 166
957 1704
43 398
1270 1624
59 862
1551 1723
806 1440
556 340
1502 1943
1427 1224
817 1667
1171 172
1328 418
1816 970
1157 1139
789 763
591 1101
876 1138
745 1079
1095 527
106 725
1985 325
1376 896
328 428
352 115
1485 50
1714 61
1335 1279
1761 265
1484 1412
976 224
293 813
1489 1667
651 744
663 489
1969 1908
1460 585
237 88
1384 739
957 993
234 773
640 675
1860 1355
1564 1318
1578 310
1858 1980
600 1828
1436 1088
882 1465
124 868
932 633
1727 1097
890 1085
603 1648
620 417
1121 1454
1792 683
517 503
1834 870
1954 95
1105 784
516 175
797 1922
691 1741
934 1162
1492 76
1313 1207
241 1115
885 497
1071 527
234 1974
1181 836
1985 1906
475 132
1128 1474
1003 666
129 1367
370 399
766 1357
80 1111
1313 947
1833 472
257 150
1802 475
1491 1791
1828 615
564 1612
1031 1719
237 747
185 1383
1263 1971
1541 1246
380 1518
595 1844
919 884
343 975
1187 1183
802 640
663 1979
298 1011
357 274
22 1475
381 204
