100
4631770
295728
930317
84
9713882
541063358298501
654871
68136
724246899581
8
1263
1341341677750
467758551060
5625661017
66
32
9198
16
3780770
972084375
768517
85093
7087
5
49499434
86
74213
6832
496166833
459384690
7752
8
530469
46879471976
5393622143
34
6849137
68389
76209357
101110
325
566088816
75605753421
74753
18
3752553843
6967810
7386954211224
4882376
18
555
491079
933557719617
9693271
381182352485952
53897502
95498047
85
626703766611408
523507689271047
7507
3545
2996
71411
81349443
90890797346147
639162353
943507407624528
31
19220484958
8242
395
297037
78
70380
2514511955
4493900147
3
36794813529
60115530
41
833
643
50
50827219
631884053
2179973438605
5783083334
41
648477384929711
843883836189513
430403342
1
67
4
89
6979151
64130190727102
91095988275402
50125155227
