100
7
622
51137020
368542431382935
8
4066178448669
78072725007134
867424514974
5427426699211
95
38
12959
68037679
64105249472
55906
313324583373819
54273867925
81555
594878153
922186
656348
222097106
765138
427436471
1
913
5532
30
781012644387946
190
553528913
32883
19
74
341160288451
90895
307431547285648
18116
90672669649
3
258
29163958892
218380960509
44964753819797
7964047079694
1916
51
2668
1
75921
67356245846854
157125170027970
8097611408
2361028365437
6575537
86440868061
510746400288
65492248
286766504315
917
219304
950891609
2802857122931
3212273835946
580380
977719950
94408137616393
83576
43237242470130
1683746607
1239795
2
68687810
4469
26526
717335407
31621303504275
33
3926312686
952634094346
236080961334672
5
6
396
872439524144
6178
843690623111
5826333596140
3745010
805436565749
7
37479075
90283275
5080545515
5930309397079
8284736738
14021250584
296
13
71775522452
