100
804
95285385926
56445154
374
11
97244640927
538314
1543560904
110
4651656373
360151714
97313584
314
622189
87280
7726115658
631567212622780
11512
9887344489
9651095617
98029
912920
362972090621
57851252
19363285
723797708521
4830255622770
806378849849
9496
5901
8710700
924795866
184345944056
35234
125
4286062882
5693144623
6764918
47925
8827269
532290641517100
929845
6533704
2902
3823
8078
356
8336
3038
56277489
137
846833448
446
2980
12916
801
1114790
742
499351180809
48
400114613839463
423256066358462
959795
3
729278
1335063610
369224125829
334203326
18527
933147301759
95289714
139216
8284790551
98
15296467
503045
3598188
9559959633
1758858154844
72
221
98896779
580360864622
185888
27226385098899
3123587
4385
3560
7214
5715526997145
43143
523626967506
530
59400851902
70463002961
77912963824
3
3123665
9
7414241023
