100
999999999999258
999999999999497
999999999999503
999999999999208
999999999999994
999999999999185
999999999999262
999999999999037
999999999999924
999999999999341
999999999999346
999999999999983
999999999999344
999999999999867
999999999999524
999999999999300
999999999999042
999999999999855
999999999999154
999999999999497
999999999999139
999999999999112
999999999999484
999999999999614
999999999999229
999999999999605
999999999999103
999999999999720
999999999999291
999999999999241
999999999999966
999999999999196
999999999999386
999999999999469
999999999999052
999999999999380
999999999999302
999999999999962
999999999999064
999999999999226
999999999999303
999999999999058
999999999999856
999999999999295
999999999999925
999999999999380
999999999999243
999999999999615
999999999999883
999999999999397
999999999999759
999999999999670
999999999999157
999999999999243
999999999999284
999999999999385
999999999999848
999999999999035
999999999999753
999999999999786
999999999999275
999999999999719
999999999999630
999999999999661
999999999999836
999999999999330
999999999999688
999999999999786
999999999999292
999999999999400
999999999999659
999999999999242
999999999999458
999999999999515
999999999999537
999999999999031
999999999999543
999999999999427
999999999999645
999999999999073
999999999999472
999999999999052
999999999999391
999999999999628
999999999999295
999999999999674
999999999999661
999999999999790
999999999999357
999999999999414
999999999999576
999999999999280
999999999999133
999999999999854
999999999999940
999999999999617
999999999999184
999999999999276
999999999999403
999999999999476
