191
391.93 389.93 38.20
307.42 175.93 344.95
304.66 420.17 213.31
158.00 225.70 77.40
377.81 429.38 131.85
461.99 379.86 208.35
212.54 108.59 198.37
240.63 164.04 251.82
450.82 439.64 11.45
164.14 97.89 107.62
391.38 401.87 490.62
402.27 69.20 468.62
171.03 227.20 194.32
248.44 268.53 287.22
252.16 443.07 439.20
114.05 183.70 266.76
365.88 289.58 401.74
403.27 295.92 168.18
393.89 361.72 237.38
220.35 444.71 396.64
174.67 240.69 233.76
277.39 354.75 417.46
44.15 384.15 370.56
474.46 351.60 129.72
243.42 347.81 436.35
113.98 457.22 441.18
224.95 71.54 241.66
403.99 115.69 445.41
216.81 330.03 362.35
137.25 167.02 222.95
378.92 71.01 338.64
324.33 449.96 166.67
197.63 68.26 136.46
371.90 285.07 130.02
163.45 458.42 407.07
314.87 259.20 74.09
37.82 138.12 145.11
206.66 320.40 251.23
97.28 197.48 155.25
206.97 377.15 338.03
352.08 417.14 464.01
276.52 470.53 297.72
166.77 430.90 362.42
59.67 28.19 59.90
155.63 386.87 423.68
398.54 81.01 333.14
379.23 351.35 61.62
212.94 272.13 394.19
482.46 478.86 144.63
428.10 391.48 482.80
373.76 467.99 188.71
381.09 344.46 460.84
438.80 481.08 88.53
495.98 215.80 300.10
376.71 474.28 110.08
482.45 408.67 438.72
218.18 282.43 70.24
406.89 327.04 414.70
81.77 367.07 412.25
45.39 407.30 386.53
318.99 409.28 115.95
484.07 394.06 240.66
349.16 258.21 95.29
221.78 254.54 100.15
184.08 445.96 416.74
300.03 430.03 474.32
275.88 109.03 264.72
308.51 237.72 195.09
312.10 231.23 228.16
176.44 195.88 270.88
464.56 399.88 425.01
204.47 183.06 377.48
422.83 444.17 59.28
87.06 284.13 255.16
446.48 481.03 457.41
137.78 499.18 474.59
295.20 193.85 170.56
347.37 280.21 114.73
70.17 367.27 398.86
488.85 388.74 311.07
307.42 498.74 455.62
160.16 442.86 295.01
284.80 381.87 232.11
403.95 310.22 281.81
177.03 133.90 224.68
156.11 257.63 219.07
332.37 383.70 223.60
202.48 180.32 239.02
352.80 255.20 488.13
103.77 177.26 107.96
281.22 258.24 379.13
444.39 355.99 269.46
326.98 188.36 316.68
214.10 54.36 160.52
116.64 407.16 415.72
330.86 208.37 148.96
102.35 207.77 230.17
184.06 152.51 151.93
153.64 364.49 428.64
227.35 22.21 242.06
306.59 290.50 346.66
278.29 284.89 218.55
427.25 387.24 89.84
320.94 234.82 242.36
418.29 420.52 348.89
378.12 376.77 34.11
260.19 467.54 421.35
483.73 434.05 221.06
468.13 352.34 141.58
480.55 362.80 475.77
89.10 147.62 103.61
338.33 189.27 480.38
372.44 112.98 447.93
293.80 126.54 399.94
231.20 193.24 258.87
452.27 324.89 274.74
257.37 305.44 137.54
233.14 326.36 291.34
109.92 120.27 71.02
218.68 211.22 71.43
362.58 83.67 347.94
474.03 40.99 474.48
362.32 385.69 377.23
360.52 155.52 497.45
268.56 426.23 365.36
340.00 288.81 449.03
187.94 426.37 490.02
325.94 300.34 144.51
252.81 333.87 117.57
423.90 357.91 436.61
356.74 164.74 499.36
324.68 345.66 341.93
185.15 486.13 439.93
466.25 410.03 297.84
66.38 494.91 471.14
168.61 217.77 195.57
283.19 274.53 47.07
166.70 395.45 238.90
498.34 385.41 472.22
476.83 362.20 387.85
394.11 309.02 147.07
160.97 300.50 305.27
399.87 298.84 354.20
493.97 274.60 288.62
189.41 280.29 218.86
379.75 420.64 81.06
200.27 122.11 301.24
329.60 391.33 455.63
293.04 365.74 131.63
143.47 358.72 217.94
157.38 80.59 82.05
332.72 410.19 473.39
288.35 122.17 408.00
328.15 415.22 273.74
191.99 201.97 152.77
453.67 486.78 219.31
361.67 314.94 134.53
138.68 478.81 462.12
280.79 452.86 449.51
164.63 181.82 147.98
107.46 416.52 350.17
479.77 430.55 210.80
244.30 300.63 182.90
256.67 196.54 394.75
307.60 102.87 313.17
384.00 450.97 281.79
208.22 433.54 330.93
335.83 417.23 222.98
368.11 406.76 348.57
200.54 491.86 403.05
163.90 251.66 132.11
376.10 440.80 308.98
441.31 414.86 354.38
327.81 133.32 406.25
184.41 231.86 307.39
360.93 395.76 222.58
472.26 228.60 460.37
396.42 373.61 258.66
209.43 202.89 144.11
457.35 484.25 230.11
390.62 186.17 456.64
356.96 350.36 189.81
402.47 322.63 418.41
362.84 312.79 138.35
120.06 209.21 175.48
378.72 82.17 378.38
416.47 236.64 194.82
41.97 404.68 387.94
85.90 196.82 239.72
335.00 287.97 493.57
403.06 54.32 433.25
