457
250.08 250.70 54.93
404.11 451.60 173.80
346.48 329.38 165.72
291.91 215.03 184.68
231.33 293.25 248.65
421.05 251.00 476.93
158.95 281.17 418.49
270.80 350.07 386.42
436.52 305.50 264.97
173.83 117.44 163.09
486.69 414.46 419.79
317.99 73.42 364.48
236.48 450.82 300.45
112.42 418.67 459.62
377.39 366.91 159.98
234.99 361.40 161.15
35.44 366.84 372.50
339.49 429.32 354.64
283.98 306.27 88.95
316.30 463.98 357.26
26.63 198.97 218.66
351.30 397.94 249.02
223.80 237.43 341.86
319.03 288.05 138.61
445.87 293.67 189.13
287.96 143.03 272.59
170.14 494.34 334.05
419.17 218.14 235.00
424.55 460.11 129.56
471.68 475.40 304.40
264.98 457.95 255.97
403.59 471.59 265.66
449.97 417.46 222.85
85.22 210.02 139.36
158.84 497.98 445.92
92.53 414.34 321.92
327.54 338.89 282.04
457.10 474.09 420.96
261.50 402.59 378.91
446.65 419.68 95.01
355.99 307.53 420.84
158.87 129.90 82.35
104.79 388.38 414.00
208.57 480.91 491.86
30.50 308.45 330.75
476.06 429.08 468.37
397.02 354.10 370.96
453.48 481.75 260.36
422.83 334.29 453.72
167.06 133.58 279.96
158.92 327.60 251.93
153.20 303.66 181.01
492.53 467.17 70.22
420.61 296.18 193.80
267.67 142.79 273.31
66.71 473.38 406.89
346.67 295.82 234.49
141.78 226.65 360.08
212.00 386.90 444.26
284.82 374.31 286.50
324.74 489.54 482.54
66.47 328.58 364.29
319.38 304.83 279.17
159.13 293.09 432.24
305.19 391.14 152.02
424.64 59.60 381.99
339.91 126.07 374.10
302.61 218.78 386.38
340.22 370.78 299.41
272.46 339.50 354.08
344.09 308.25 261.01
316.96 274.39 143.32
369.33 395.78 242.63
286.70 473.75 217.35
440.20 334.21 484.51
220.68 311.82 223.85
404.97 270.93 359.13
386.45 338.02 466.41
324.17 191.38 373.87
472.20 208.78 341.60
224.28 92.99 316.94
448.13 401.73 109.24
446.38 353.79 431.94
308.82 265.97 226.79
187.81 462.45 355.61
112.86 190.64 279.71
148.27 162.98 209.20
250.64 469.85 331.45
182.03 222.19 116.61
117.18 148.43 55.25
273.76 488.23 424.99
167.14 73.16 146.05
377.65 200.32 345.45
160.88 300.46 184.22
249.39 311.09 165.75
374.44 291.49 364.11
444.35 405.92 346.47
477.70 54.82 429.61
216.16 189.79 120.62
400.38 439.19 95.23
229.65 305.90 227.91
455.22 423.10 427.30
495.61 346.91 484.05
216.50 331.40 198.20
393.67 86.03 322.99
289.64 260.79 440.59
337.96 485.93 459.70
322.01 438.51 490.30
334.97 384.21 73.55
201.24 277.57 220.69
118.08 146.19 92.41
466.31 402.20 383.22
375.93 191.85 307.53
316.52 478.24 297.85
429.30 316.20 447.30
389.00 301.73 385.81
261.60 289.77 287.00
242.73 438.86 411.48
50.27 418.90 389.72
348.12 348.20 369.44
295.42 400.73 334.69
278.30 223.46 299.89
489.43 387.57 471.59
130.24 312.70 424.88
127.25 96.00 186.81
91.97 157.91 117.43
124.93 116.85 181.68
117.94 267.38 369.78
223.87 129.30 155.53
410.68 331.56 465.33
297.35 375.51 403.62
479.03 498.65 28.75
267.80 420.23 268.66
443.54 478.18 325.05
475.71 479.54 73.93
210.38 194.53 31.58
277.52 173.57 193.75
227.03 218.82 90.44
238.70 265.22 43.15
298.87 320.64 278.36
292.99 353.98 424.44
100.73 225.76 241.29
356.42 452.79 460.11
446.86 355.01 225.33
490.01 372.78 406.74
452.35 335.17 390.91
389.87 313.33 208.88
282.69 74.74 285.34
370.05 367.74 139.32
228.64 138.68 132.21
417.50 421.77 118.28
366.36 455.34 486.02
295.83 400.70 286.30
118.23 370.61 431.62
207.15 281.53 483.41
250.69 362.56 405.18
472.37 496.27 130.97
60.88 103.74 112.58
398.45 361.97 335.32
233.77 284.18 442.36
61.53 242.02 249.98
154.28 293.04 367.60
91.68 479.11 388.61
224.27 339.41 152.14
368.68 273.79 269.06
474.56 351.91 260.40
439.00 207.19 440.46
244.95 24.99 233.50
42.86 97.38 99.00
296.80 267.66 388.23
223.15 232.17 335.90
327.13 477.12 360.90
224.16 89.67 141.09
254.97 303.91 275.89
144.51 212.00 298.46
243.52 239.74 91.56
331.59 257.27 152.40
460.30 480.42 48.09
459.72 471.07 188.74
484.14 195.23 441.93
288.76 295.53 196.29
242.76 299.55 332.86
242.31 351.11 448.12
333.88 294.47 484.67
356.63 289.58 241.94
172.55 413.40 385.88
220.64 373.12 356.95
409.38 357.27 215.71
211.13 276.42 225.27
38.37 19.19 24.82
175.94 222.90 394.61
417.88 395.45 308.01
467.28 279.62 344.66
487.75 352.52 365.45
203.46 367.36 175.00
378.23 242.01 451.42
128.32 315.15 260.69
424.26 394.77 129.57
397.99 343.38 104.76
369.53 310.66 384.38
214.19 461.94 400.43
254.64 207.15 336.85
206.06 310.65 117.24
340.20 102.50 432.39
393.98 425.10 76.73
367.42 359.53 156.28
479.28 316.88 447.15
247.44 441.10 464.96
278.32 103.22 346.36
355.05 320.09 438.37
39.38 113.70 114.94
195.67 192.55 352.18
313.89 171.83 169.06
261.04 245.94 404.10
415.35 156.91 345.20
144.32 126.92 168.86
366.85 339.39 473.98
199.43 263.96 383.45
65.81 161.47 188.78
195.67 295.19 182.31
182.30 128.53 292.01
386.18 404.31 342.19
87.57 380.68 360.83
272.80 179.53 385.83
221.98 361.84 177.88
299.84 447.66 209.01
95.88 196.12 232.67
172.44 264.90 115.52
371.22 352.48 496.20
395.57 125.28 339.25
444.92 347.26 364.61
411.41 394.92 421.73
153.02 106.54 111.44
304.90 432.07 488.45
144.15 377.00 499.24
172.29 163.33 24.02
484.74 471.82 296.25
414.19 310.18 334.51
277.36 278.60 430.10
265.82 86.28 307.10
265.06 258.57 133.95
452.60 370.54 329.33
348.17 435.95 99.65
362.72 185.22 197.82
452.96 236.98 334.65
414.49 314.69 308.36
412.52 255.57 250.48
342.62 21.39 336.76
313.25 449.97 258.85
389.74 242.69 337.19
420.73 352.35 407.66
255.39 266.84 385.87
227.27 179.36 141.44
478.04 498.76 276.33
245.57 314.33 285.19
344.06 101.79 416.91
116.23 173.57 74.70
363.50 259.29 490.99
490.73 333.47 297.03
242.19 297.72 401.73
189.15 344.40 464.03
106.06 178.35 207.38
185.25 288.63 187.63
285.10 431.88 284.02
276.10 86.13 281.01
427.28 230.83 497.38
23.26 283.44 303.36
358.20 238.27 433.86
234.07 233.78 434.13
299.10 410.05 294.09
315.51 337.33 188.44
197.36 268.19 419.27
439.98 335.74 269.75
223.67 214.05 414.03
194.72 441.02 269.14
384.12 314.95 107.40
153.87 420.70 340.73
324.91 347.78 306.22
317.35 398.80 168.81
328.86 93.53 273.35
311.57 178.36 140.74
293.32 241.41 179.23
228.50 289.06 157.70
340.15 427.38 202.51
397.22 464.50 398.73
425.97 386.46 305.67
247.19 222.36 412.12
325.60 226.03 339.51
191.63 321.87 255.32
405.44 387.45 410.08
352.26 347.19 399.77
285.57 289.66 100.89
77.38 125.88 145.31
458.69 362.20 257.22
346.59 240.41 442.70
269.62 327.66 58.16
414.93 37.75 431.24
239.56 292.91 68.21
417.49 139.40 360.30
23.71 49.29 49.81
164.89 46.26 198.66
145.07 150.99 50.87
194.88 234.10 274.46
494.97 249.49 431.19
278.78 491.35 347.68
318.42 349.36 104.85
249.97 299.03 441.90
403.93 461.00 240.01
498.64 410.77 226.58
384.55 359.58 104.94
199.18 273.07 403.97
233.98 317.61 477.63
388.02 385.06 438.63
128.03 383.70 349.40
302.51 413.20 284.96
229.68 297.75 144.54
402.12 138.02 269.28
157.03 215.09 182.70
169.95 233.23 231.42
372.43 296.34 456.36
335.97 323.56 166.59
284.46 216.77 464.35
92.52 214.92 124.80
173.66 280.56 262.82
106.46 357.81 461.86
155.87 233.23 264.02
338.58 403.19 160.77
233.52 439.14 457.11
443.28 461.44 465.24
109.87 245.90 345.53
288.89 118.54 362.35
414.28 138.94 438.55
463.20 294.81 171.79
227.22 133.39 238.50
150.30 327.13 264.55
348.58 364.34 188.00
189.60 316.75 470.06
208.59 458.95 442.15
147.11 362.62 380.95
323.02 211.20 408.81
320.95 423.15 235.82
416.38 392.95 180.97
473.56 238.20 377.94
358.61 191.01 286.45
315.21 108.14 383.79
129.57 429.10 306.94
28.91 450.79 457.93
245.73 62.10 279.46
263.59 215.43 230.01
453.14 431.32 166.32
403.11 410.05 274.46
257.36 395.58 317.87
378.82 460.34 185.05
393.22 206.07 247.15
247.41 350.02 264.97
428.89 430.22 209.25
298.90 286.67 434.76
246.19 236.96 182.40
83.88 225.07 259.09
179.93 379.50 402.41
186.03 308.40 332.63
490.60 226.72 486.73
275.33 273.58 415.18
216.83 200.91 183.28
115.40 109.27 96.06
462.66 436.43 314.29
203.36 492.27 331.43
380.99 490.52 440.80
186.22 318.81 405.29
241.65 156.89 290.71
88.45 276.14 341.18
80.13 391.54 450.46
184.92 282.52 309.00
406.62 356.29 460.62
456.86 369.62 301.67
127.03 17.54 133.05
177.16 297.17 314.18
209.62 145.61 260.22
182.15 420.34 447.92
148.05 149.30 224.08
217.13 219.44 243.89
177.75 240.05 103.41
156.09 138.10 280.47
324.36 199.23 312.59
289.55 326.26 493.65
160.53 222.24 183.81
403.47 428.69 456.13
287.35 94.38 336.60
393.84 418.74 35.83
369.95 371.82 25.61
363.60 457.95 356.08
417.90 182.31 281.94
265.23 454.29 315.76
314.43 17.34 322.44
270.56 187.75 234.26
253.40 429.55 240.68
109.48 247.49 262.46
451.13 257.67 226.11
120.41 52.58 109.16
233.32 248.17 442.16
5.14 199.30 199.83
231.25 293.23 219.37
419.12 100.46 484.91
291.24 481.32 444.79
301.99 190.83 433.11
281.40 41.43 291.68
402.39 309.05 438.43
258.88 383.20 491.96
177.70 336.85 171.67
167.10 244.41 93.11
449.47 446.97 7.39
196.61 298.16 187.28
252.43 463.82 477.25
365.33 228.79 160.64
167.25 366.44 308.55
278.76 241.19 176.33
109.52 190.24 265.35
145.25 135.85 80.05
74.61 160.28 205.90
399.15 327.53 72.34
427.48 478.16 94.94
494.36 337.98 211.19
417.08 135.33 335.55
122.99 198.00 163.08
464.74 493.40 446.03
217.15 81.03 165.47
210.76 172.03 143.63
305.70 237.52 394.83
254.41 395.40 232.82
465.60 433.02 379.57
476.16 377.73 440.29
151.43 294.82 239.14
486.98 417.81 100.66
255.52 458.56 244.31
420.99 332.84 416.34
228.14 302.07 317.38
122.98 220.00 212.78
166.23 140.24 145.40
68.89 290.74 226.73
339.44 250.30 408.32
326.91 318.49 328.83
144.29 104.99 212.35
344.02 16.47 354.04
216.15 418.45 249.11
383.07 257.89 162.94
291.39 260.62 332.29
216.78 326.51 460.98
441.78 319.96 474.75
311.94 195.49 336.93
380.11 199.92 479.33
98.21 27.94 91.56
273.98 383.51 150.49
386.19 441.59 416.24
339.04 257.63 93.82
119.39 391.93 444.55
216.67 429.87 449.68
475.44 437.09 166.20
