724
241.69 92.38 160.08
357.76 484.81 281.62
177.44 443.76 474.02
267.33 262.77 135.00
191.83 338.64 285.04
101.46 83.08 45.28
175.08 56.10 231.00
280.51 482.59 308.20
387.64 494.78 163.16
119.03 186.61 165.32
404.07 451.59 248.40
430.21 298.88 255.11
455.35 139.63 348.41
39.52 279.91 241.18
366.20 62.46 427.79
443.44 242.93 438.72
371.52 118.75 336.67
355.69 225.57 355.04
383.33 221.23 341.97
428.14 176.59 481.60
276.55 456.16 373.87
398.35 163.90 416.28
355.82 182.86 243.42
173.26 66.19 128.17
231.67 465.85 329.92
434.14 323.06 266.36
341.08 496.32 496.08
274.02 335.43 251.86
282.13 48.22 248.33
227.69 270.07 479.35
79.53 159.73 205.93
92.92 98.48 188.84
485.36 367.28 232.53
185.08 148.51 192.85
158.71 147.52 35.49
374.99 470.01 435.56
237.87 455.37 302.84
133.92 140.52 115.77
355.59 249.79 457.85
171.24 212.82 223.53
438.00 251.33 357.06
373.56 152.72 475.96
339.92 450.17 280.00
275.61 475.01 321.97
29.86 137.76 147.97
259.67 156.87 397.76
229.97 327.84 306.06
440.51 100.60 433.73
297.57 137.68 249.98
437.05 477.60 200.15
380.58 96.82 392.04
195.09 325.49 325.21
185.63 430.47 271.87
282.89 391.56 409.56
233.02 372.72 147.50
319.16 144.99 249.28
320.58 457.16 217.80
329.25 460.39 371.28
272.39 92.44 356.83
232.64 21.85 221.69
63.60 456.64 464.55
476.40 107.66 468.16
214.69 247.42 228.14
248.59 224.82 455.25
213.86 160.73 211.21
419.67 402.37 185.41
304.89 446.03 322.88
124.45 173.16 279.52
384.21 364.26 461.65
297.66 64.61 253.96
436.86 261.29 472.77
388.24 353.40 470.94
257.31 147.62 250.62
480.62 143.67 417.94
83.47 180.95 187.23
428.20 290.78 290.88
399.14 393.25 28.49
247.39 378.20 353.12
225.37 360.66 414.82
306.83 307.84 158.87
336.81 176.96 470.13
336.94 447.30 209.15
274.42 375.50 499.93
299.29 246.94 219.32
315.93 244.96 435.84
160.77 253.78 322.69
164.12 254.11 163.17
297.77 254.58 110.48
170.38 257.83 87.67
227.09 178.66 87.21
404.69 141.47 497.67
287.53 457.40 406.15
183.40 209.89 144.20
437.48 198.30 479.14
374.66 166.53 426.24
362.57 295.73 331.25
360.24 83.27 288.66
266.40 470.17 496.66
469.92 317.09 206.55
277.65 431.88 240.74
152.89 307.73 320.17
342.67 170.30 279.43
173.93 194.06 26.22
286.29 93.91 313.48
93.91 190.05 257.46
108.89 156.89 232.82
387.15 320.08 415.91
462.48 408.96 478.05
325.45 200.27 356.40
412.62 457.70 209.97
333.60 494.57 237.48
187.69 444.17 321.56
184.15 144.17 81.35
379.22 253.06 401.76
112.04 303.73 221.85
178.54 128.24 84.65
198.46 40.86 205.87
408.44 374.47 200.44
309.44 323.12 421.62
175.47 210.74 289.83
471.54 251.27 458.94
177.41 323.23 496.93
303.72 134.38 299.16
244.11 196.74 226.23
250.10 332.94 84.17
93.54 325.77 341.64
68.73 237.81 226.41
400.26 456.78 281.54
160.72 48.97 122.18
408.47 299.07 455.12
156.17 392.61 444.42
256.22 326.97 219.55
312.52 222.28 213.25
342.20 291.01 114.59
184.82 422.25 473.61
252.06 491.45 321.65
370.71 147.62 377.78
315.13 308.95 108.60
374.84 396.46 220.36
365.29 211.17 389.10
373.05 497.46 191.69
414.35 312.59 164.17
443.43 431.83 144.54
301.59 395.08 228.41
496.83 311.76 229.85
396.12 262.69 203.43
223.81 449.17 338.32
377.80 341.69 446.89
22.34 61.03 75.46
109.48 142.27 242.38
256.61 443.86 300.98
412.25 199.81 423.87
265.63 357.81 163.83
451.51 316.68 367.14
357.41 73.29 311.00
383.27 309.95 238.05
106.63 412.51 493.76
30.51 163.08 137.29
272.01 440.73 255.78
246.54 262.65 477.61
436.17 145.93 451.08
443.39 325.48 145.42
239.30 194.61 369.47
441.60 99.49 452.79
184.53 381.26 465.63
336.96 356.36 303.06
289.76 480.45 338.08
330.03 371.91 327.95
369.91 408.62 340.76
382.65 442.41 103.94
390.88 242.99 291.65
337.57 73.02 327.08
329.04 195.73 498.13
124.70 205.05 189.15
197.74 238.48 261.29
54.72 158.34 178.63
322.18 244.56 121.53
446.00 297.36 354.19
213.80 188.25 97.18
309.55 245.90 252.69
387.91 286.33 319.12
27.15 446.14 468.25
287.85 115.11 321.12
121.58 274.68 339.51
348.02 127.97 407.08
423.02 339.75 114.48
316.22 358.58 488.06
390.78 410.02 274.39
445.83 497.65 429.12
170.29 345.68 220.61
355.38 495.75 373.18
379.29 311.98 395.29
367.35 202.76 305.31
141.02 121.12 79.52
137.77 230.47 240.70
451.03 478.15 182.12
248.70 212.49 95.83
136.99 351.54 325.44
195.38 238.56 124.89
15.60 270.27 256.13
265.50 221.30 397.80
111.14 396.21 394.86
452.54 444.31 434.73
373.88 399.39 167.05
277.56 141.34 264.08
338.88 252.49 160.29
233.74 205.03 268.13
168.47 310.94 319.35
391.92 484.96 383.24
461.43 22.36 446.15
292.00 400.01 204.44
361.13 66.07 401.15
133.64 87.50 113.47
176.42 365.06 254.82
322.51 104.20 250.81
387.19 401.36 338.31
164.18 77.79 203.37
253.35 446.13 335.57
129.21 305.62 268.77
479.54 484.47 39.45
412.54 109.34 401.74
250.85 437.04 479.53
188.59 272.92 271.00
159.42 138.62 170.73
178.10 307.86 351.92
410.75 469.59 74.07
411.13 382.13 346.93
455.92 250.73 467.07
51.78 290.52 305.65
128.41 246.98 350.85
392.60 421.94 134.02
403.06 398.33 430.52
154.11 298.55 447.62
363.28 478.75 148.65
377.65 495.29 218.57
296.82 140.66 260.83
405.66 325.66 411.29
307.33 352.46 53.56
401.59 399.16 184.78
325.95 447.87 381.57
416.87 243.87 431.83
342.78 201.91 199.87
139.42 360.54 461.79
183.54 425.66 360.95
368.33 251.61 472.34
215.62 219.87 61.78
388.24 289.96 329.23
350.03 473.50 254.89
374.50 341.83 170.02
10.37 255.26 257.40
113.32 486.59 425.16
460.15 313.27 435.71
217.53 476.12 475.92
313.73 168.43 462.94
282.42 220.19 252.90
363.61 282.14 150.54
121.01 395.47 300.65
145.41 191.54 280.80
321.75 324.50 191.56
74.65 99.68 88.83
128.09 293.27 360.60
415.53 460.05 248.90
196.33 282.51 259.72
152.52 257.08 117.87
330.85 463.12 438.22
243.27 322.97 220.73
320.82 354.08 235.03
117.59 354.83 380.13
131.39 187.09 222.71
378.20 371.85 19.39
157.30 395.63 486.21
379.27 464.20 395.20
420.14 372.99 91.21
307.13 167.91 278.30
42.12 153.88 145.45
487.32 358.05 376.36
382.52 278.20 412.88
392.75 482.02 471.03
228.87 148.56 202.69
458.19 239.51 286.44
423.26 281.63 440.32
68.72 403.24 419.10
480.88 54.09 440.67
177.95 316.46 236.99
102.93 153.97 209.43
400.99 427.82 42.65
410.52 422.39 328.07
442.28 395.77 180.79
55.76 352.16 385.69
316.79 253.15 477.03
359.44 421.51 137.10
459.41 200.61 266.79
378.17 316.43 280.10
186.23 258.72 339.39
409.96 173.55 427.85
459.17 153.86 344.53
236.83 309.21 438.52
178.39 432.14 302.66
108.71 482.24 413.80
244.43 240.72 236.01
246.04 269.56 353.79
485.25 343.04 190.86
350.72 302.30 494.28
452.76 144.21 426.42
255.42 416.44 408.67
226.50 109.94 306.30
378.97 354.37 47.03
132.30 412.71 486.67
323.16 489.34 452.41
182.33 292.71 249.27
278.46 182.73 359.21
295.32 340.21 141.04
275.43 472.51 217.27
262.10 295.68 206.61
214.52 127.09 280.63
395.92 480.05 368.89
379.63 327.29 73.44
171.07 100.95 196.93
378.95 446.81 153.16
128.22 388.79 335.90
150.96 473.56 397.61
332.63 207.83 373.86
256.52 347.98 460.15
200.68 407.42 440.20
233.09 450.57 267.49
320.15 292.34 31.09
155.90 180.96 278.35
449.11 465.20 197.28
389.31 198.30 311.37
320.32 168.35 433.02
321.62 319.01 53.00
429.88 457.23 270.25
371.76 446.19 371.26
325.13 395.31 336.46
497.31 431.99 366.64
430.33 447.80 29.02
190.99 269.42 348.03
243.99 285.66 150.13
403.82 470.07 169.41
198.55 255.06 134.25
287.84 348.46 91.48
58.10 220.22 201.20
429.34 231.29 371.69
127.63 392.12 303.68
157.79 322.45 251.48
186.81 176.96 184.43
181.42 186.85 358.74
315.67 474.70 207.20
435.40 289.20 299.83
195.43 218.54 194.64
370.81 331.00 409.22
267.37 391.70 158.97
371.05 236.64 345.83
393.31 215.84 484.05
264.04 286.52 343.89
354.99 385.44 133.09
258.69 265.42 416.88
251.85 67.37 208.75
245.25 224.73 38.15
262.24 174.32 161.82
118.09 346.82 457.00
318.80 105.51 222.43
235.69 361.91 418.75
243.59 374.97 446.81
331.71 120.22 335.06
369.86 372.89 241.82
293.46 258.64 303.40
461.44 496.03 377.97
440.94 421.79 215.81
445.72 257.90 193.57
364.47 292.74 307.33
124.45 368.05 466.05
459.52 237.91 338.94
201.34 194.89 97.58
168.27 156.34 257.14
209.76 260.80 178.93
319.86 196.11 489.50
176.95 224.11 282.25
484.28 238.23 318.59
330.11 362.68 350.16
296.16 485.72 251.59
298.62 350.59 446.49
205.18 469.43 468.16
436.78 452.81 327.79
208.54 277.56 453.65
204.33 403.83 465.58
455.92 365.97 479.69
402.41 425.70 162.07
359.44 65.40 371.92
88.59 332.76 365.01
314.73 347.19 406.01
294.42 413.12 331.71
120.02 245.41 237.80
214.55 217.99 98.77
423.20 343.26 392.24
288.21 212.55 79.17
424.42 398.17 133.96
464.46 376.42 481.15
430.55 292.14 235.09
125.15 379.90 462.18
223.92 215.66 380.38
446.91 138.86 387.16
360.48 340.51 372.20
418.27 369.74 490.11
385.00 463.81 445.78
120.09 24.61 111.12
364.29 313.28 154.54
257.54 150.31 263.19
182.18 275.01 248.25
220.02 299.01 88.76
255.74 217.28 122.03
355.16 222.38 273.97
120.83 240.18 287.97
327.14 195.14 249.44
253.85 215.91 145.12
359.10 398.10 420.13
107.35 281.64 219.14
419.30 379.60 242.02
370.80 197.67 179.62
219.37 442.19 254.20
330.80 431.81 461.88
430.74 413.48 235.69
296.49 471.56 364.65
48.14 140.09 123.42
455.53 257.23 364.22
173.44 273.57 158.27
427.64 301.58 459.57
340.92 244.04 127.08
466.32 338.31 204.09
202.01 134.80 175.65
230.19 346.47 479.26
353.61 396.45 202.17
427.50 324.10 287.19
404.14 163.16 409.58
410.96 225.21 392.69
390.22 242.34 452.66
255.92 426.02 468.17
378.85 300.96 118.83
343.17 314.24 185.23
334.11 285.51 300.11
184.44 485.54 426.21
300.62 404.98 352.23
268.79 283.83 316.72
279.69 401.42 365.52
389.77 50.01 419.56
405.52 318.80 366.91
430.95 354.58 380.28
453.89 360.93 149.30
326.99 374.74 179.33
264.20 72.86 336.29
294.63 458.62 369.76
164.88 389.57 387.87
357.98 497.50 287.06
244.31 319.15 390.00
279.07 286.68 154.53
246.55 131.32 321.87
297.14 182.08 406.45
384.40 449.58 189.85
284.18 418.39 465.64
324.67 360.99 415.84
22.84 462.49 459.88
446.17 444.65 196.24
261.11 426.38 221.62
123.49 104.74 160.95
252.65 92.93 185.46
215.66 363.77 491.63
321.86 386.61 454.12
445.26 426.33 377.28
446.99 222.67 363.91
440.64 261.79 274.38
19.68 385.28 379.12
344.15 137.93 472.05
258.93 116.25 211.46
136.21 367.00 411.01
439.40 137.18 369.82
377.30 320.38 418.62
256.42 328.05 220.07
391.99 357.66 190.01
283.34 71.06 326.38
158.32 370.79 356.90
366.54 478.04 194.47
474.57 80.96 495.17
90.05 378.20 307.12
310.12 433.71 328.30
163.65 196.92 335.61
202.79 358.65 311.26
412.92 305.51 382.32
239.31 463.84 253.11
96.21 196.69 245.57
288.62 201.32 131.61
283.79 209.23 416.91
262.86 299.28 295.11
233.50 272.92 228.82
372.19 215.82 416.96
171.15 378.38 241.01
426.03 371.98 378.33
342.95 134.84 341.13
301.58 368.34 114.06
283.20 154.60 180.57
394.64 26.79 396.39
311.60 444.83 178.56
260.46 359.74 193.00
275.65 423.15 288.03
280.31 224.73 319.89
57.89 418.66 413.56
354.62 254.60 319.28
268.10 243.29 333.19
490.51 360.10 388.32
292.13 133.22 259.44
253.91 327.43 412.71
152.96 249.40 242.13
204.80 223.33 323.64
97.67 117.08 110.27
255.79 370.99 437.70
257.90 262.95 394.29
278.65 68.80 229.63
184.30 437.12 452.96
171.46 275.95 400.27
86.96 131.17 118.33
202.77 144.42 339.48
260.59 204.56 418.84
77.29 146.74 151.17
259.89 166.03 364.24
156.10 84.12 111.69
125.19 239.41 174.23
195.21 287.15 479.06
474.79 197.76 313.86
282.57 172.62 439.40
394.26 381.81 215.45
362.14 292.72 260.73
184.39 359.01 191.63
163.45 306.03 402.20
472.06 280.82 263.48
264.05 477.72 431.38
418.90 255.02 480.71
276.70 280.69 436.95
441.91 164.98 459.76
133.54 491.96 429.32
462.75 413.47 271.23
204.98 322.25 466.38
231.60 289.76 306.66
125.98 349.84 322.96
226.73 291.75 151.47
390.62 419.55 256.53
161.77 151.15 209.82
30.11 212.01 230.90
436.34 444.28 283.07
156.66 218.25 233.27
194.39 287.53 110.93
21.64 223.87 218.73
468.23 330.44 217.16
170.86 357.06 204.39
351.68 429.98 496.54
241.65 202.26 155.28
446.05 217.46 248.78
251.95 244.25 122.03
419.58 305.83 203.98
107.85 454.01 403.86
75.63 478.50 435.26
210.33 383.68 301.05
438.64 351.31 199.23
428.17 402.38 345.10
370.76 464.04 462.04
333.45 155.03 273.81
337.66 426.41 227.82
150.43 346.47 346.13
105.41 285.11 197.44
481.86 471.77 161.80
107.42 468.74 480.36
142.41 42.30 111.75
142.71 324.65 190.30
152.37 93.58 138.93
179.43 343.89 384.54
485.11 496.06 486.72
246.84 276.74 229.89
51.36 251.16 247.27
352.19 302.90 134.22
271.94 324.22 179.30
442.83 126.21 405.81
108.31 102.54 98.78
314.31 468.02 346.28
179.89 483.73 312.71
365.72 473.77 129.20
485.29 44.37 464.45
352.14 381.29 329.03
421.47 234.91 419.38
228.39 213.51 405.61
267.69 229.17 286.90
179.63 399.07 365.04
365.08 246.29 186.09
319.27 273.04 329.15
310.63 140.23 417.95
166.66 168.17 124.81
217.03 376.40 270.18
66.65 58.47 37.01
240.52 270.13 134.64
469.86 424.23 186.72
387.81 303.99 258.16
323.28 322.65 101.17
444.39 269.85 199.56
481.40 350.59 240.83
441.70 337.48 187.43
76.34 266.42 301.04
286.35 399.80 388.79
473.07 287.61 356.31
394.75 149.60 490.48
53.92 91.48 113.23
253.48 236.40 463.82
157.83 191.37 224.30
262.57 372.94 491.72
279.45 295.88 342.65
135.76 190.63 155.77
386.55 386.03 94.18
74.68 119.01 82.15
455.22 272.24 277.90
352.91 350.97 427.93
230.69 343.99 477.88
251.99 230.55 363.91
9.70 80.93 71.30
458.77 319.13 353.83
159.53 237.85 334.70
266.19 436.75 368.65
368.78 458.87 110.36
346.66 210.86 340.91
462.75 383.78 350.64
301.26 75.76 364.94
333.44 435.69 429.60
99.81 304.47 388.47
210.17 314.65 262.86
51.09 188.74 146.94
299.97 461.18 489.80
367.99 423.94 373.59
218.63 112.67 243.95
482.35 322.81 468.85
295.52 177.90 168.63
84.47 331.33 341.11
284.28 351.89 439.16
443.96 259.85 270.22
247.52 377.88 447.35
95.53 262.94 241.81
264.16 246.82 145.72
270.56 331.29 477.05
214.36 404.13 416.90
395.49 290.28 246.00
252.48 328.25 478.77
398.20 262.33 310.07
451.94 99.69 458.70
361.46 251.74 160.03
150.47 297.90 297.27
493.73 459.26 442.49
56.49 192.80 222.46
213.30 304.47 426.66
340.43 117.88 441.61
492.70 80.74 417.69
158.53 208.92 246.58
101.02 176.25 244.62
53.22 105.42 145.05
403.28 405.84 396.21
149.86 170.38 72.46
227.89 93.27 233.10
160.01 356.08 387.58
301.26 391.11 461.61
197.47 204.50 295.52
65.69 84.97 73.57
268.94 353.17 353.83
387.33 261.42 432.72
348.94 458.89 300.74
307.98 392.34 226.77
345.49 458.03 311.74
419.06 265.52 451.65
249.42 469.64 481.28
109.96 245.24 221.42
32.39 464.13 443.00
156.15 293.59 242.82
225.84 300.82 265.77
437.66 226.11 355.58
166.59 155.49 140.16
287.87 475.16 433.75
202.56 189.64 262.58
344.07 81.03 298.88
387.69 306.87 263.22
316.98 235.00 337.53
327.99 221.03 402.61
79.33 215.68 163.61
458.31 316.86 389.72
313.89 483.46 208.73
454.05 271.33 183.89
24.78 168.11 143.62
413.28 226.91 195.05
177.56 371.89 314.60
243.69 114.74 193.80
297.02 386.95 494.13
353.16 219.37 394.52
450.77 358.56 401.86
338.95 271.85 128.77
197.52 111.88 172.67
127.57 289.44 208.08
473.68 400.98 109.86
467.81 406.74 114.39
454.84 67.05 404.96
82.85 183.82 198.90
375.15 381.34 474.30
211.34 172.43 263.74
419.42 441.64 460.39
128.67 378.34 465.34
13.73 24.83 26.08
418.70 369.34 370.95
345.99 365.73 272.06
273.25 285.15 377.22
461.52 483.10 160.21
125.98 238.09 239.88
85.00 415.35 428.23
111.08 497.57 461.09
363.84 215.01 231.20
218.36 446.83 431.82
291.65 157.82 248.79
383.40 432.42 246.36
344.50 241.50 253.20
84.83 105.34 131.73
479.56 232.34 356.25
349.17 292.86 432.45
324.62 181.69 436.96
73.41 65.10 32.90
319.77 73.12 274.40
